Unnamed: 0,logFC,AveExpr,t,P.Value,adj.P.Val,B
Tpr_TRINITY_DN11462_c1_g3|Tdu_TRINITY_DN18955_c5_g2,-2.5894115006116,5.50400129228495,-5.932769829672071,0.00013505317909733798,0.00429865694261805,1.33606471813344
Tpr_TRINITY_DN12134_c0_g2|Tdu_TRINITY_DN21624_c3_g1,-0.7715356834530459,7.72767897945272,-4.09722005786473,0.0020795711798765604,0.0240003459478991,-1.82738886059998
Tpr_TRINITY_DN13550_c0_g1|Tdu_TRINITY_DN10834_c0_g2,-2.3910316017309,3.7694115734829903,-5.02653378567442,0.000490738410023883,0.0100272697418456,0.23426655338626895
Tpr_TRINITY_DN14494_c6_g4|Tdu_TRINITY_DN18357_c3_g1,-3.17401643220394,5.21903919560656,-7.52168541088727,1.8291186341403e-05,0.0015947131048303599,3.37132372535176
Tpr_TRINITY_DN12124_c1_g1|Tdu_TRINITY_DN20551_c2_g1,-3.35302808968832,6.8713613186674,-10.4302878078272,9.384707788125929e-07,0.000324306226113734,6.2671207529173385
Tpr_TRINITY_DN15377_c1_g7|Tdu_TRINITY_DN20722_c1_g1,-1.9849843045812696,7.81610068338766,-6.478078437630511,6.5609214813676e-05,0.00305513993993814,1.79976920898863
Tpr_TRINITY_DN10352_c4_g1|Tdu_TRINITY_DN17460_c6_g1,-1.06118993730792,6.33366046069269,-4.59055759153018,0.000951733321528294,0.0154537917039155,-0.8605735482718709
Tpr_TRINITY_DN15300_c0_g4|Tdu_TRINITY_DN20225_c0_g2,-4.90430338127524,2.02891920884951,-7.09922805151533,3.01978441342341e-05,0.00201002602430252,2.46012958422389
Tpr_TRINITY_DN14091_c2_g1|Tdu_TRINITY_DN21890_c1_g1,-0.6152835737919949,10.5724286544043,-3.41510037973684,0.00644476979045545,0.0484322251954752,-3.0596798207590004
Tpr_TRINITY_DN13496_c4_g2|Tdu_TRINITY_DN20284_c3_g1,-2.86291768749895,3.48864844207078,-5.33660736325142,0.000311491960467031,0.00761730797227457,0.648349154228979
Tpr_TRINITY_DN13112_c3_g3|Tdu_TRINITY_DN20302_c4_g2,-2.6521879909112,3.7031595769814,-3.42541828509939,0.00633310898714043,0.0479225162130692,-2.17605428461617
Tpr_TRINITY_DN15010_c1_g3|Tdu_TRINITY_DN15197_c0_g1,-2.4432427853239,5.59405889094758,-7.381607888204499,2.15502134819766e-05,0.00171575120173326,3.17497402980198
Tpr_TRINITY_DN10663_c5_g1|Tdu_TRINITY_DN21638_c0_g1,-0.997438051767326,5.49636936455649,-3.53157536730746,0.0052938517784141895,0.0425204653558781,-2.48531727595422
Tpr_TRINITY_DN13452_c4_g3|Tdu_TRINITY_DN17266_c4_g3,-2.26038276245579,5.179264094355808,-7.08177298888283,3.08436947153818e-05,0.00202784651895145,2.8427871549462904
Tpr_TRINITY_DN11140_c0_g1|Tdu_TRINITY_DN19310_c0_g1,-1.25294781342815,7.79821173582433,-4.13810924387362,0.00194669052003681,0.0229961777042935,-1.7576278499011102
Tpr_TRINITY_DN10857_c2_g3|Tdu_TRINITY_DN19391_c1_g1,-0.712659201811004,8.253141302670551,-4.04871214112174,0.00224965547650749,0.0249233240014732,-1.94444641524909
Tpr_TRINITY_DN13009_c1_g8|Tdu_TRINITY_DN17212_c2_g1,-0.828912275570357,8.48953669830239,-4.06139859556225,0.00220380907285004,0.0246537692794005,-1.93369770090758
Tpr_TRINITY_DN10965_c8_g1|Tdu_TRINITY_DN13725_c0_g1,-1.20090885979413,5.46980308430279,-3.58347405051279,0.004851637589775621,0.040636063187701,-2.3829774277578
Tpr_TRINITY_DN13305_c0_g1|Tdu_TRINITY_DN17475_c4_g2,-0.94155936292644,5.24959455951658,-3.55909544709537,0.00505439029285118,0.0414956648300505,-2.39100895213614
Tpr_TRINITY_DN15116_c4_g1|Tdu_TRINITY_DN21826_c0_g1,-2.68905098269809,7.7914977340672,-7.17177111723247,2.76661193266716e-05,0.00188059273829858,2.723460622526189
Tpr_TRINITY_DN10087_c0_g1|Tdu_TRINITY_DN19264_c2_g1,-3.7262465876609,2.98391349929436,-4.54920744239638,0.00101486441481734,0.0157004372621215,-0.449668026380346
Tpr_TRINITY_DN11929_c1_g1|Tdu_TRINITY_DN17883_c3_g2,-1.42430225696891,4.71225692790008,-4.2967533104445295,0.0015098868775846599,0.0197899824401131,-1.03763215982363
Tpr_TRINITY_DN14573_c1_g7|Tdu_TRINITY_DN25607_c4_g1,-1.77298062220326,5.88438694416968,-6.83572812162361,4.172589955143039e-05,0.00235378056859845,2.45010010569485
Tpr_TRINITY_DN15286_c1_g4|Tdu_TRINITY_DN20282_c1_g1,-1.7684828227580205,6.50132723828642,-7.44281246324962,2.00548429208131e-05,0.00165529384551156,3.14032275949152
Tpr_TRINITY_DN14429_c4_g2|Tdu_TRINITY_DN30938_c0_g1,-1.90176093508987,3.45135523053438,-3.83852728561863,0.0031735052444538,0.0310044891178611,-1.52519135558877
Tpr_TRINITY_DN13783_c1_g1|Tdu_TRINITY_DN23151_c0_g1,-2.9194264106416297,4.85659734400354,-6.98425542202705,3.4737775459711e-05,0.00215993563536699,2.7517530023607795
Tpr_TRINITY_DN12691_c1_g12|Tdu_TRINITY_DN17655_c8_g3,-1.96405676701271,5.40310712560817,-5.3368690742183205,0.00031137428813753597,0.00761730797227457,0.467338546141971
Tpr_TRINITY_DN15644_c1_g5|Tdu_TRINITY_DN15219_c0_g1,-1.34148096352301,4.14836300254264,-3.62630431769571,0.0045155944609846215,0.0391563061314136,-2.01232175924322
Tpr_TRINITY_DN10582_c3_g4|Tdu_TRINITY_DN19797_c3_g1,-3.4573725834012903,5.4805671560466385,-11.2095118383516,4.759922152481321e-07,0.000295368880109334,6.804652135632911
Tpr_TRINITY_DN14003_c0_g1|Tdu_TRINITY_DN19846_c1_g2,-4.7386102399768495,1.4446969827288898,-6.853785998847162,4.08004645846767e-05,0.00235378056859845,2.18192999214019
Tpr_TRINITY_DN8172_c0_g1|Tdu_TRINITY_DN15835_c0_g1,-0.7394139552346178,7.37757741359362,-3.57090883704095,0.0049550659880365,0.0409635966694364,-2.69044627369007
Tpr_TRINITY_DN14946_c3_g3|Tdu_TRINITY_DN23131_c1_g1,-3.0493007631115496,3.925087524264201,-5.9662545793862485,0.00012904879116836,0.00422489940392414,1.47832322265904
Tpr_TRINITY_DN11594_c0_g8|Tdu_TRINITY_DN17630_c2_g2,-2.7496688306908603,7.692171905195509,-4.47369478186829,0.0011418627194036699,0.016774507092191998,-1.15488152412549
Tpr_TRINITY_DN11794_c8_g1|Tdu_TRINITY_DN14260_c0_g1,-3.44824509322904,2.29012675008962,-4.57943085951632,0.000968301344603085,0.0154537917039155,-0.418012807241156
Tpr_TRINITY_DN10445_c1_g1|Tdu_TRINITY_DN20150_c1_g1,-3.25526793084427,3.68565132879132,-3.39646785036284,0.00665158330934409,0.0494848973004986,-2.19464772785638
Tpr_TRINITY_DN11323_c2_g1|Tdu_TRINITY_DN20331_c0_g1,-0.894593572549806,7.77488635007766,-4.77905164543867,0.0007123571560427401,0.0125025781263916,-0.7154059557593091
Tpr_TRINITY_DN15916_c2_g3|Tdu_TRINITY_DN16190_c2_g1,-1.43526883904214,6.240810181790152,-6.39609951813043,7.29481583025872e-05,0.00320577885911195,1.82392604127803
Tpr_TRINITY_DN11235_c0_g2|Tdu_TRINITY_DN19122_c0_g1,-3.1610350799426903,2.3386754386041804,-3.6441060253839,0.00438311541597007,0.0382973515811502,-1.7494399001401002
Tpr_TRINITY_DN14410_c3_g6|Tdu_TRINITY_DN16124_c0_g1,-1.31720902923764,4.95827481675346,-3.9646066711205696,0.0025800157401937108,0.0271578822205955,-1.6385003767449495
Tpr_TRINITY_DN12405_c4_g1|Tdu_TRINITY_DN20809_c2_g4,-2.78965800595728,3.69005469245669,-4.86462999950218,0.000625605678063025,0.0114428749380435,0.0118953189033428
Tpr_TRINITY_DN11491_c0_g3|Tdu_TRINITY_DN23047_c1_g3,-1.97947453148857,6.058086944763138,-8.471627457845193,6.36071696404012e-06,0.0009521294571240927,4.35729130104429
Tpr_TRINITY_DN11481_c0_g13|Tdu_TRINITY_DN9608_c0_g1,-1.59764464281775,3.75925576299576,-3.73210088848794,0.00378511339369337,0.0349528331774292,-1.75587742793599
Tpr_TRINITY_DN12672_c8_g2|Tdu_TRINITY_DN11666_c0_g1,-1.02315675034637,6.49798086400597,-3.70493977468993,0.00396006780760076,0.0359724845807086,-2.3529227752582003
Tpr_TRINITY_DN13766_c1_g4|Tdu_TRINITY_DN7111_c0_g1,-1.3898664633138302,4.98773677024582,-4.86844422645495,0.000622010407475122,0.0114428749380435,-0.196015252438698
Tpr_TRINITY_DN11035_c2_g3|Tdu_TRINITY_DN18196_c4_g1,-0.892230305200413,6.66603305565902,-4.32920317561464,0.0014340143818578099,0.0193314779107252,-1.33264603408717
Tpr_TRINITY_DN10423_c3_g6|Tdu_TRINITY_DN24472_c1_g2,-1.35407096340832,5.04135121260338,-4.59197862989618,0.000949639064768228,0.0154537917039155,-0.637142760504188
Tpr_TRINITY_DN11530_c3_g1|Tdu_TRINITY_DN24053_c3_g1,-1.95646567209187,7.8522485300948714,-6.78261962979131,4.45814294349094e-05,0.00241613273984735,2.20145568641568
Tpr_TRINITY_DN13056_c3_g5|Tdu_TRINITY_DN6070_c0_g1,-0.9937550343603352,8.461177003660211,-4.27427729664216,0.00156491081050442,0.020266641177311,-1.57561782619159
Tpr_TRINITY_DN10501_c0_g6|Tdu_TRINITY_DN21421_c2_g2,-4.5660103658784,2.05497912854897,-6.04424202291932,0.0001161474460834,0.00396889167483189,1.38211561606895
Tpr_TRINITY_DN9364_c1_g1|Tdu_TRINITY_DN13437_c0_g1,-1.1467796255774698,5.28132732570279,-4.30989035654719,0.00147867303742443,0.0196364841608963,-1.14163227253696
Tpr_TRINITY_DN8872_c0_g1|Tdu_TRINITY_DN16404_c0_g1,-0.9741781831256908,7.63567587830684,-4.80257135898946,0.000687310118837454,0.0122509210293227,-0.666109926184719
Tpr_TRINITY_DN12081_c0_g1|Tdu_TRINITY_DN15245_c0_g1,-2.8362665409300094,4.8748561019529815,-4.0452612620509,0.0022622985344317,0.025012405250693,-1.37083478330603
Tpr_TRINITY_DN11710_c2_g8|Tdu_TRINITY_DN18623_c2_g2,-1.3450046010773602,6.325215112001881,-4.85628211569934,0.000633551631031583,0.0115231692347037,-0.4312689206041821
Tpr_TRINITY_DN10615_c2_g5|Tdu_TRINITY_DN18324_c0_g4,-1.34193830571669,5.4689002124695,-4.58023466932852,0.0009670942777021133,0.0154537917039155,-0.7321351684882399
Tpr_TRINITY_DN12442_c1_g1|Tdu_TRINITY_DN15443_c0_g1,-2.17010124153105,3.82232707611864,-4.05200010047925,0.0022376782215126397,0.024893782267341,-1.23350264070829
Tpr_TRINITY_DN7125_c0_g1|Tdu_TRINITY_DN24941_c1_g7,-2.32009555112763,4.6814631346111515,-6.32537651762863,7.999180348301329e-05,0.0033273988855745604,1.9398785691916696
Tpr_TRINITY_DN12429_c1_g8|Tdu_TRINITY_DN21983_c2_g7,-1.00483831442118,9.506559523024348,-5.0976761686359815,0.00044160096646627,0.00939544125205823,-0.27906399860436
Tpr_TRINITY_DN11017_c3_g4|Tdu_TRINITY_DN24232_c0_g1,-2.33870837398017,6.90747753946227,-7.57665287993358,1.7161685411937605e-05,0.00155568734141797,3.28037319228902
Tpr_TRINITY_DN12594_c4_g4|Tdu_TRINITY_DN15314_c0_g1,-1.47052888752464,9.48216602807479,-6.754725301884951,4.61651437307781e-05,0.00245973546273929,2.09909155511508
Tpr_TRINITY_DN11519_c4_g1|Tdu_TRINITY_DN22492_c1_g4,-2.33052448770353,4.09385407877477,-5.84482521153897,0.00015229848229471202,0.00449112546502163,1.33793510658977
Tpr_TRINITY_DN12165_c5_g4|Tdu_TRINITY_DN12991_c0_g1,-0.6953375688582709,8.46413495795597,-3.55827687546938,0.005061348616516571,0.041510303939754,-2.7906787023344903
Tpr_TRINITY_DN14565_c1_g3|Tdu_TRINITY_DN17945_c1_g1,-2.07385640659852,7.8105607423816386,-8.72186385794338,4.8891108723952e-06,0.00081851614886728,4.51436216981304
Tpr_TRINITY_DN14136_c0_g9|Tdu_TRINITY_DN18685_c5_g4,-1.82992402056771,3.62694759105527,-3.82675202637584,0.00323578413874502,0.0314596661537864,-1.5702190817403
Tpr_TRINITY_DN13882_c2_g1|Tdu_TRINITY_DN18672_c1_g3,-2.12103102303097,6.4904970043409005,-9.1361496550265,3.2032251422061293e-06,0.000675477478020907,5.02833055321618
Tpr_TRINITY_DN11650_c4_g7|Tdu_TRINITY_DN21988_c4_g2,-2.05659910252234,8.22339397347883,-5.85515445170437,0.000150155695983601,0.00446073643512765,0.907372635707567
Tpr_TRINITY_DN12675_c3_g4|Tdu_TRINITY_DN22984_c6_g1,-1.3217098273474,5.29071581377942,-4.33215025441346,0.00142732562429074,0.0193020742602042,-1.09833321873043
Tpr_TRINITY_DN12145_c2_g1|Tdu_TRINITY_DN25508_c0_g1,-0.99189179857506,6.78568354918816,-4.5310395665235,0.0010439895914169,0.0159806116655629,-1.0169519941097
Tpr_TRINITY_DN15063_c2_g3|Tdu_TRINITY_DN18415_c1_g5,-1.95629593208466,4.15564165086237,-4.20997435716899,0.0017343108794185304,0.0214655701704248,-1.0393531895567398
Tpr_TRINITY_DN11009_c2_g2|Tdu_TRINITY_DN22916_c2_g3,-1.5230795646716202,8.8544187682465,-6.52067687624364,6.21133153566595e-05,0.00294799350577376,1.79924797165387
Tpr_TRINITY_DN10632_c3_g8|Tdu_TRINITY_DN25047_c5_g8,-1.86059715423892,5.2855155826016,-5.19880675518315,0.000380572919686642,0.00862309431866259,0.2768099122663
Tpr_TRINITY_DN15421_c3_g5|Tdu_TRINITY_DN22799_c6_g2,-0.9261515955627858,7.35059890893384,-3.55171811349991,0.00511746131111714,0.0417859690899977,-2.7184365735776
Tpr_TRINITY_DN13293_c2_g2|Tdu_TRINITY_DN11835_c0_g1,-1.2089355915189,7.421612432310621,-4.17015558330064,0.00184879309462877,0.0221993554072116,-1.67258085047654
Tpr_TRINITY_DN13133_c0_g1|Tdu_TRINITY_DN19273_c2_g1,-0.9974942769133108,6.4688471982529006,-4.79353756206116,0.000696818147825226,0.0123109655588241,-0.5576543902183471
Tpr_TRINITY_DN11026_c7_g4|Tdu_TRINITY_DN19335_c3_g4,-6.49241169831879,2.8181385868171094,-9.419629350655413,2.4195359054599706e-06,0.000539045062953078,4.350801771634931
Tpr_TRINITY_DN10717_c1_g1|Tdu_TRINITY_DN15760_c0_g1,-1.43222651001454,7.03615284565714,-6.97376808903855,3.51871890398151e-05,0.00217104956375659,2.50049466165688
Tpr_TRINITY_DN13324_c0_g1|Tdu_TRINITY_DN24754_c3_g1,-2.9475856364334,4.6788839405435185,-6.16891473944387,9.831526553010368e-05,0.0036340402986956796,1.74959576095163
Tpr_TRINITY_DN13855_c0_g2|Tdu_TRINITY_DN22213_c2_g7,-5.92306407931041,2.58896855752125,-4.50358317289929,0.0010896947920147801,0.0165608035890808,-0.5089589481359129
Tpr_TRINITY_DN12344_c2_g1|Tdu_TRINITY_DN25060_c0_g1,-0.9794377758517,8.8834636798611,-3.9684723127714,0.0025637688148235,0.0270578811364464,-2.1033029059326003
Tpr_TRINITY_DN11305_c3_g1|Tdu_TRINITY_DN19745_c1_g3,-2.3915858196995097,6.655095108802849,-6.562092359903112,5.8906282511691505e-05,0.00288102007333096,2.02793887087338
Tpr_TRINITY_DN12009_c6_g3|Tdu_TRINITY_DN18335_c0_g1,-2.30659105812675,5.752829592473768,-8.010192733154959,1.05010925995925e-05,0.0012530982482742699,3.88126330385656
Tpr_TRINITY_DN6489_c0_g1|Tdu_TRINITY_DN15774_c0_g1,-3.08065646607435,2.3531072269176803,-3.57646539145619,0.00490904918379725,0.0409635966694364,-1.85015107462581
Tpr_TRINITY_DN15966_c2_g4|Tdu_TRINITY_DN24066_c1_g1,-1.43253698238989,4.384795535975,-3.43215951093006,0.00626123469816744,0.0475581093882585,-2.3835942963273395
Tpr_TRINITY_DN13754_c2_g6|Tdu_TRINITY_DN14664_c0_g1,-1.55346350907702,6.002583856716889,-6.77611692580324,4.49453099706588e-05,0.00241950557902453,2.35353662044701
Tpr_TRINITY_DN1074_c0_g1|Tdu_TRINITY_DN43647_c0_g1,-0.98636838715206,5.65386886522863,-3.95090278762287,0.00263848532106718,0.0275240124389715,-1.80714669797357
Tpr_TRINITY_DN11434_c2_g1|Tdu_TRINITY_DN20705_c1_g2,-0.639408807105199,8.28563594238324,-3.7441705161883503,0.00370996853994321,0.0344417334014867,-2.4632546818235896
Tpr_TRINITY_DN10481_c3_g1|Tdu_TRINITY_DN20943_c1_g2,-2.26802849627198,3.85963057695857,-4.04070374531999,0.00227911027275044,0.0251454518538257,-1.24423208892081
Tpr_TRINITY_DN15565_c0_g4|Tdu_TRINITY_DN22913_c5_g1,-1.60131284020229,6.7043832940263295,-6.834795905241211,4.17742851802841e-05,0.00235378056859845,2.35686626676137
Tpr_TRINITY_DN11263_c0_g6|Tdu_TRINITY_DN19124_c3_g1,-1.51869421157421,7.09863157830521,-6.23091471587813,9.05643882134962e-05,0.00349684517794828,1.50932112952653
Tpr_TRINITY_DN12465_c8_g1|Tdu_TRINITY_DN21165_c3_g5,-2.9941283746548097,3.670934048804,-4.90715650151435,0.000586738352091794,0.0110216119956166,0.0720177834646396
Tpr_TRINITY_DN6010_c0_g1|Tdu_TRINITY_DN47038_c0_g1,-4.86058024258793,2.0098480617240604,-5.397870043438751,0.000285200426002297,0.00714872692801383,0.641095416058038
Tpr_TRINITY_DN11397_c3_g1|Tdu_TRINITY_DN22539_c0_g2,-0.8478070381062719,7.88569427392254,-4.7008774701733085,0.000802808847892539,0.0136426478155637,-0.8488544278132301
Tpr_TRINITY_DN11730_c1_g1|Tdu_TRINITY_DN19712_c3_g2,-1.67340122918336,5.20255390994463,-5.158233421743759,0.0004039016963177221,0.00887587809908068,0.21974241727677696
Tpr_TRINITY_DN12005_c2_g4|Tdu_TRINITY_DN22622_c3_g2,-1.6281620738113505,4.590249181024049,-3.91296719839225,0.00280768678557386,0.0285069059583391,-1.6210149571186498
Tpr_TRINITY_DN16021_c4_g3|Tdu_TRINITY_DN22129_c6_g4,-1.7725305568602,4.23118375474985,-3.97714215233702,0.0025277185248907697,0.0269612104895596,-1.43060308433301
Tpr_TRINITY_DN10351_c7_g3|Tdu_TRINITY_DN20767_c4_g2,-1.3709725070767098,5.865143089661079,-4.3856737430812585,0.00131140519017448,0.0184213997634848,-1.11414916788924
Tpr_TRINITY_DN13294_c2_g1|Tdu_TRINITY_DN22652_c1_g7,-1.1182241808801,6.34720769066665,-4.28879443623612,0.00152913434609088,0.0199110171915503,-1.3520526997433
Tpr_TRINITY_DN15290_c2_g4|Tdu_TRINITY_DN18903_c0_g1,-2.05216089417826,3.54940617820304,-3.61629003064434,0.00459194012974823,0.0395617097537171,-1.8844904452151496
Tpr_TRINITY_DN15802_c0_g5|Tdu_TRINITY_DN14937_c0_g1,-4.15061344105004,2.12401197811017,-4.485345477106018,0.00112122007513286,0.0166234865483192,-0.54201195026028
Tpr_TRINITY_DN11512_c1_g1|Tdu_TRINITY_DN22163_c4_g7,-1.57066349019369,5.742026960777558,-5.429315651948991,0.000272635698259221,0.0069202877713202895,0.532856964776789
Tpr_TRINITY_DN11554_c0_g2|Tdu_TRINITY_DN23813_c3_g2,-1.25885817305073,4.46060436945585,-3.46513800179049,0.00592156154785995,0.0456700434378699,-2.3601661740026296
Tpr_TRINITY_DN14530_c5_g4|Tdu_TRINITY_DN18305_c0_g1,-1.86616874214652,5.63685246758685,-6.2299490596833085,9.06799397847204e-05,0.00349684517794828,1.68962384164406
Tpr_TRINITY_DN13270_c4_g1|Tdu_TRINITY_DN23742_c4_g1,-1.12751261654354,10.814001188886499,-5.86127498546195,0.000148901282072827,0.00446073643512765,0.86730487407351
Tpr_TRINITY_DN12486_c1_g2|Tdu_TRINITY_DN25024_c1_g5,-1.10738820071253,7.18935762877556,-5.02882786323683,0.000489066153165724,0.0100272697418456,-0.268973440928524
Tpr_TRINITY_DN7931_c0_g1|Tdu_TRINITY_DN17989_c2_g5,-2.50267685689394,3.28788521431245,-4.3332309467747,0.00142488110900756,0.0193020742602042,-0.747128035224867
Tpr_TRINITY_DN12802_c2_g3|Tdu_TRINITY_DN11267_c0_g1,-2.03663962179688,4.11526227824714,-4.1274122327246,0.00198056868771776,0.0232564616269841,-1.1545586382068
Tpr_TRINITY_DN13112_c3_g8|Tdu_TRINITY_DN18630_c3_g1,-0.987480645704887,10.019536613909098,-5.0163207721465,0.000498257365390175,0.0101177780450496,-0.4061898808380711
Tpr_TRINITY_DN12693_c0_g2|Tdu_TRINITY_DN14875_c0_g1,-3.56816424097805,4.64593975351902,-7.21769936090332,2.61825056060332e-05,0.00185398462236015,2.99212124138004
Tpr_TRINITY_DN13308_c0_g2|Tdu_TRINITY_DN17203_c3_g2,-1.5378109499740902,4.06403627402947,-3.80464090403219,0.00335619836651568,0.0322396013147572,-1.6951530922764098
Tpr_TRINITY_DN13674_c1_g3|Tdu_TRINITY_DN21266_c1_g3,-0.7443111757555648,7.8010627069507015,-4.14262092373242,0.0019325847378304601,0.022959922338843,-1.7575723106878105
Tpr_TRINITY_DN12580_c1_g4|Tdu_TRINITY_DN21784_c3_g1,-1.97799996822504,6.58775792465551,-7.47061181385319,1.9413071909797e-05,0.00163907631356297,3.1719987448133
Tpr_TRINITY_DN11405_c6_g1|Tdu_TRINITY_DN18615_c8_g1,-1.33597779195563,6.616915472846482,-5.93935017155401,0.00013384993973681399,0.00429444146651595,1.14753853295498
Tpr_TRINITY_DN14582_c3_g1|Tdu_TRINITY_DN19178_c1_g3,-1.14868952273875,4.95013917566988,-3.568574135823689,0.0049745340460881395,0.0410369516105487,-2.3018929709783102
Tpr_TRINITY_DN15841_c3_g2|Tdu_TRINITY_DN23698_c3_g1,-3.39712534512789,3.8394023126200496,-4.68399573138074,0.0008238964971573941,0.0139714033904851,-0.245082615969982
Tpr_TRINITY_DN11770_c4_g3|Tdu_TRINITY_DN13430_c0_g1,-0.992897568278201,6.25674382100629,-3.91574762264072,0.00279490835451845,0.0284853366093933,-1.96128115910299
Tpr_TRINITY_DN12623_c0_g1|Tdu_TRINITY_DN20288_c7_g2,-1.56557526659455,5.029461074123018,-4.8744046272801915,0.000616436061305129,0.0113779460596198,-0.185324485208882
Tpr_TRINITY_DN14335_c0_g4|Tdu_TRINITY_DN16242_c0_g1,-3.71034764569854,2.22413863736776,-4.07739963585939,0.0021473777238939108,0.0243622584488728,-1.11584785030075
Tpr_TRINITY_DN13797_c3_g1|Tdu_TRINITY_DN19959_c0_g3,-1.53081396113754,5.36161929617928,-4.7974254313368085,0.0006927091768942769,0.0122925228050199,-0.366185443526789
Tpr_TRINITY_DN12438_c5_g1|Tdu_TRINITY_DN22326_c6_g2,-1.7445751384703505,4.58195843398551,-4.2643519864788,0.00158987769328591,0.020274100123762,-1.04867639916787
Tpr_TRINITY_DN12438_c6_g2|Tdu_TRINITY_DN20412_c3_g1,-0.75000999149187,7.67823598508806,-3.9197444338314895,0.0027766460075130802,0.0284262368439373,-2.12245765491184
Tpr_TRINITY_DN12722_c5_g2|Tdu_TRINITY_DN16579_c1_g2,-2.678648603316529,3.42743586282878,-4.92023967054579,0.000575303765458279,0.0109923762172427,0.0883312918372434
Tpr_TRINITY_DN12141_c2_g2|Tdu_TRINITY_DN23282_c7_g1,-2.19875371033919,5.88933140609731,-7.79602387231879,1.3351227598144803e-05,0.00140222003796844,3.6244170489075698
Tpr_TRINITY_DN6283_c0_g1|Tdu_TRINITY_DN13460_c0_g1,-3.32464168749045,4.51845082313129,-7.4933926254536996,1.89037248933495e-05,0.00161305082308039,3.2905847958044703
Tpr_TRINITY_DN8010_c0_g1|Tdu_TRINITY_DN15834_c0_g2,-1.05324652287534,5.1258787378103,-3.592193404511569,0.004781182937422,0.0406120980126876,-2.30631792093328
Tpr_TRINITY_DN11414_c1_g7|Tdu_TRINITY_DN20357_c2_g6,-1.3336741327032,4.86457461614242,-4.14529232955228,0.0019242832268364894,0.0229341393201419,-1.31983242125384
Tpr_TRINITY_DN14814_c1_g1|Tdu_TRINITY_DN18597_c3_g2,-2.48747680146052,3.27977273130971,-3.5334491192934,0.00527718097112535,0.0425204653558781,-1.96109683985019
Tpr_TRINITY_DN11643_c3_g4|Tdu_TRINITY_DN18401_c0_g2,-1.18545574067872,7.35761148489313,-4.28349708395796,0.00154208842731677,0.020047149555118,-1.47887898842652
Tpr_TRINITY_DN13347_c0_g1|Tdu_TRINITY_DN21980_c2_g1,-0.962985579689796,10.5539991100794,-3.64831806709778,0.0043523641741912795,0.0381869212196592,-2.6571660783284505
Tpr_TRINITY_DN10419_c2_g1|Tdu_TRINITY_DN5615_c0_g1,-1.487496495492,4.721549738598,-4.27210793792304,0.00157033230011425,0.020266641177311,-1.07599316094741
Tpr_TRINITY_DN15253_c3_g1|Tdu_TRINITY_DN23736_c2_g1,-1.84806375607364,6.91220980202385,-8.230995252791901,8.239248316151871e-06,0.00112011882616702,4.02619250271895
Tpr_TRINITY_DN12979_c6_g1|Tdu_TRINITY_DN35654_c0_g1,-6.32920771526983,2.2527176853945,-6.889239190400339,3.90473689529724e-05,0.00226955758240429,2.29603337434974
Tpr_TRINITY_DN12165_c5_g1|Tdu_TRINITY_DN22677_c4_g3,-3.31114848466828,2.42929727192865,-3.74584777095182,0.00369964961136235,0.0344417334014867,-1.59895043205441
Tpr_TRINITY_DN10680_c2_g2|Tdu_TRINITY_DN21776_c2_g1,-0.894335424726515,5.6470719114669405,-3.50065561977966,0.005576953744504311,0.0438986712312749,-2.56816543459482
Tpr_TRINITY_DN13707_c3_g6|Tdu_TRINITY_DN18541_c0_g1,-1.4657128013208702,6.020024140618268,-4.89580235772968,0.000596857689522514,0.0111076462358703,-0.32334076402690104
Tpr_TRINITY_DN11635_c2_g2|Tdu_TRINITY_DN20584_c1_g2,-5.818457955229089,4.90449613115241,-5.86177950902671,0.00014879838198108701,0.00446073643512765,1.31400719624684
Tpr_TRINITY_DN12500_c1_g1|Tdu_TRINITY_DN13289_c0_g1,-4.519548094842901,2.8797126398094,-7.43563435126162,2.02242609225948e-05,0.00165529384551156,2.79583068893654
Tpr_TRINITY_DN15664_c1_g1|Tdu_TRINITY_DN23152_c0_g1,-4.2269385272966895,2.32591117296163,-4.98847212973895,0.0005193899085744402,0.0103632498922278,0.129493391361025
Tpr_TRINITY_DN14438_c3_g5|Tdu_TRINITY_DN24970_c1_g1,-2.64207932406206,3.9481389750570695,-5.417285352975348,0.000277371312218107,0.0069742799225750215,0.7717663979806619
Tpr_TRINITY_DN11568_c0_g5|Tdu_TRINITY_DN15770_c0_g1,-2.08864986366187,3.3560981643723897,-3.58498324997372,0.00483936627389776,0.040636063187701,-1.90864616550584
Tpr_TRINITY_DN10805_c2_g3|Tdu_TRINITY_DN17390_c3_g2,-1.18851569851606,5.62824779416222,-4.945445887757111,0.000553936495357823,0.0107943716774971,-0.19348754506843105
Tpr_TRINITY_DN12052_c7_g6|Tdu_TRINITY_DN19059_c0_g2,-2.4466253863783,3.61324433874857,-3.80970043608094,0.003328238520995,0.0321236166659461,-1.57512894462232
Tpr_TRINITY_DN13610_c1_g3|Tdu_TRINITY_DN13131_c0_g1,-3.15819475845563,8.07305594546733,-5.90484786194607,0.00014028953712428004,0.0043446423832967,1.01937098111479
Tpr_TRINITY_DN36807_c0_g1|Tdu_TRINITY_DN36568_c0_g1,-1.82820377507579,3.4366622961429103,-3.57296112111743,0.00493801808451175,0.0409635966694364,-1.95095839115729
Tpr_TRINITY_DN14124_c2_g8|Tdu_TRINITY_DN4598_c0_g1,-1.5853750340001598,4.737867664596281,-4.3156252272042215,0.00146526078990287,0.0196068941884092,-1.00601588837898
Tpr_TRINITY_DN10651_c5_g2|Tdu_TRINITY_DN20681_c3_g1,-1.9236374551513504,5.44813861003312,-4.66999737233434,0.000841827697017988,0.0141855041129859,-0.561823186922223
Tpr_TRINITY_DN15611_c1_g3|Tdu_TRINITY_DN51033_c0_g1,-4.50662022909737,2.9177041158539505,-4.91821645970935,0.000577056434431269,0.0109923762172427,0.0465140225381653
Tpr_TRINITY_DN12375_c0_g2|Tdu_TRINITY_DN24065_c1_g1,-0.875081016135266,7.47042715502205,-4.90374862383436,0.000589756313012078,0.0110319653159807,-0.493793265120511
Tpr_TRINITY_DN10300_c2_g2|Tdu_TRINITY_DN11479_c0_g1,-1.59133710425569,6.8309949299567485,-7.2157264889448,2.6244435210681602e-05,0.00185398462236015,2.82744860660596
Tpr_TRINITY_DN11112_c1_g3|Tdu_TRINITY_DN9912_c0_g1,-2.45534076926649,4.50685630820459,-4.838601589599981,0.0006507371195156322,0.0117293537879436,-0.101229379384955
Tpr_TRINITY_DN15450_c1_g5|Tdu_TRINITY_DN10278_c0_g1,-1.96063850080791,3.5459679593606204,-3.75352544231075,0.0036527945682257898,0.0341480946756866,-1.66850766947169
Tpr_TRINITY_DN12722_c5_g1|Tdu_TRINITY_DN24413_c1_g1,-1.63658621455108,3.94599182957619,-3.4904492828199603,0.00567380372203788,0.0443995899067959,-2.17910231979702
Tpr_TRINITY_DN12147_c3_g6|Tdu_TRINITY_DN20063_c4_g1,-1.17893595536327,5.61468716789663,-4.14743486667776,0.00191765227384347,0.0228891203697894,-1.4672300027971
Tpr_TRINITY_DN7596_c0_g1|Tdu_TRINITY_DN11486_c0_g1,-3.47090888109436,3.09112381692879,-4.90876438502111,0.0005853201419137089,0.0110207813574879,0.0370020321065878
Tpr_TRINITY_DN12810_c4_g1|Tdu_TRINITY_DN24212_c2_g2,-1.87308186647378,6.57502109694124,-8.2495769827866,8.07458757212475e-06,0.00111665977441401,4.0742057153691
Tpr_TRINITY_DN12429_c1_g1|Tdu_TRINITY_DN22732_c2_g1,-1.4557207485541102,6.44502012465697,-6.89343419750652,3.88453763556198e-05,0.00226955758240429,2.45486468424978
Tpr_TRINITY_DN13114_c0_g2|Tdu_TRINITY_DN6750_c0_g1,-1.17230041441384,6.47128183001775,-3.95392205247328,0.00262548515992885,0.0274563448080695,-1.9240010125949696
Tpr_TRINITY_DN15505_c4_g12|Tdu_TRINITY_DN15879_c0_g1,-6.62627081317265,2.33466785960973,-9.44275247614282,2.36550557328913e-06,0.000539045062953078,4.35094573340449
Tpr_TRINITY_DN10195_c0_g4|Tdu_TRINITY_DN19802_c1_g3,-1.3605128107476,6.675012825517241,-3.84487594498106,0.00314044768159066,0.0307940474988248,-2.13114815568183
Tpr_TRINITY_DN12916_c2_g10|Tdu_TRINITY_DN19142_c4_g1,-1.84364823496799,6.833521149103482,-6.19465213194322,9.501440066895942e-05,0.00357798360453391,1.4944080860208402
Tpr_TRINITY_DN10811_c3_g10|Tdu_TRINITY_DN16300_c1_g2,-1.40533236692103,7.53566494000597,-6.421883492692009,7.05488896391116e-05,0.00317638878008183,1.7317464624986898
Tpr_TRINITY_DN9365_c0_g1|Tdu_TRINITY_DN14182_c0_g1,-2.8343697756964903,5.982047046756589,-10.6264214488181,7.87933728163328e-07,0.000316000821679903,6.436897039715331
Tpr_TRINITY_DN2421_c0_g1|Tdu_TRINITY_DN10972_c0_g1,-1.12374165227245,6.088516892947822,-5.13842004561344,0.000415843934105732,0.009086422356964509,0.0318579087825688
Tpr_TRINITY_DN12700_c1_g1|Tdu_TRINITY_DN49964_c0_g1,-1.15911281644124,5.46049176308241,-3.5705422927608104,0.00495811720951901,0.0409635966694364,-2.40545117516451
Tpr_TRINITY_DN14254_c6_g2|Tdu_TRINITY_DN19681_c5_g1,-1.6465867738748703,5.78638569720999,-5.46436737839079,0.000259324196947809,0.00670980446360767,0.578984678450828
Tpr_TRINITY_DN15421_c3_g7|Tdu_TRINITY_DN24698_c0_g3,-2.5523897635611,3.74396196940321,-4.84836370163262,0.0006411879496322821,0.0116182414974197,-0.0151514021186205
Tpr_TRINITY_DN11727_c1_g9|Tdu_TRINITY_DN23347_c1_g1,-2.47775984557581,3.89718442986652,-3.78393212373953,0.0034732161608034,0.0330470543603844,-1.64957110198005
Tpr_TRINITY_DN10018_c0_g1|Tdu_TRINITY_DN3659_c0_g1,-2.1499504385462203,4.35156727644502,-5.2800216739383,0.00033808503386975,0.00799935119961436,0.550576588969159
Tpr_TRINITY_DN12839_c1_g3|Tdu_TRINITY_DN13710_c0_g1,-1.3682382215083102,6.775862869052969,-6.490272582480661,6.45873190034074e-05,0.0030295607352417,1.89080679716959
Tpr_TRINITY_DN12869_c4_g3|Tdu_TRINITY_DN10875_c0_g1,-4.1466087883918386,1.9343150644504497,-5.046182015860992,0.00047661081124695197,0.00985282298198919,0.193941105321468
Tpr_TRINITY_DN10383_c2_g7|Tdu_TRINITY_DN22414_c2_g3,-2.8912635030574103,4.947104936707589,-6.57135787152976,5.8213520316655e-05,0.0028646051930054602,2.24934516669861
Tpr_TRINITY_DN15254_c2_g4|Tdu_TRINITY_DN25400_c1_g1,-1.1891410102093405,5.6837344299657415,-4.33484298744365,0.00142124288844496,0.0192889834318393,-1.17175488516564
Tpr_TRINITY_DN13602_c2_g3|Tdu_TRINITY_DN24179_c4_g1,-1.44979062499286,5.09595828587062,-4.08353889244077,0.00212613045809438,0.0243622584488728,-1.46375820540538
Tpr_TRINITY_DN12929_c1_g2|Tdu_TRINITY_DN20981_c1_g1,-1.1761733971198702,4.85665916676903,-3.8425488863079305,0.00315252278937453,0.0308747073181601,-1.82579109074633
Tpr_TRINITY_DN13588_c3_g1|Tdu_TRINITY_DN20387_c1_g1,-1.5378369785779398,4.34920991035196,-3.57044357111691,0.004958939330011561,0.0409635966694364,-2.1361038259718703
Tpr_TRINITY_DN12443_c2_g7|Tdu_TRINITY_DN12629_c0_g1,-0.7645075678218358,9.861048636869661,-4.25392189956726,0.00161656681166158,0.0205165860701543,-1.6361505730783998
Tpr_TRINITY_DN11775_c0_g1|Tdu_TRINITY_DN18970_c4_g6,-2.1156128902143703,3.94973946080847,-4.09289688607335,0.00209416690449235,0.0240937181072187,-1.18340506601477
Tpr_TRINITY_DN12150_c9_g1|Tdu_TRINITY_DN17535_c2_g1,-1.40900902556475,6.5799815705718805,-5.9529272950923895,0.00013140353558771398,0.00425045193434111,1.17261247659019
Tpr_TRINITY_DN11505_c0_g5|Tdu_TRINITY_DN19381_c3_g1,-0.8248526822751708,7.95410170268433,-4.04996686863526,0.0022450768897539,0.0249070010134384,-1.9228790209724096
Tpr_TRINITY_DN12264_c1_g2|Tdu_TRINITY_DN18678_c6_g7,-1.16133290598951,5.24946163958712,-4.13868131306869,0.00194489597213223,0.0229961777042935,-1.41453853059488
Tpr_TRINITY_DN11482_c3_g8|Tdu_TRINITY_DN14824_c0_g1,-5.86560436687099,2.52220375785818,-6.17628782864088,9.73572282560238e-05,0.0036321038504258897,1.55974351205183
Tpr_TRINITY_DN9791_c0_g1|Tdu_TRINITY_DN24273_c1_g7,-1.60518339834588,4.89816308269437,-3.58612157395648,0.00483013183884432,0.040636063187701,-2.23539130377786
Tpr_TRINITY_DN12304_c1_g4|Tdu_TRINITY_DN18693_c2_g2,-1.23304138865019,4.25158149253098,-3.5483833544679504,0.0051462381180523795,0.0418289962905291,-2.1717900874414098
Tpr_TRINITY_DN12600_c3_g3|Tdu_TRINITY_DN13591_c0_g1,-1.43290321089824,7.92104314515211,-5.4507128668733715,0.000264425187323064,0.00677621222849295,0.319411459679851
Tpr_TRINITY_DN10872_c3_g1|Tdu_TRINITY_DN16784_c4_g2,-2.54200462297986,2.63667589694183,-4.07149122455572,0.00216803650006866,0.0244927053057053,-1.12401419980026
Tpr_TRINITY_DN12131_c1_g4|Tdu_TRINITY_DN20272_c0_g1,-1.43726020923652,5.82238649751976,-4.05754356071874,0.00221763587944204,0.0247394400403402,-1.64125159599053
Tpr_TRINITY_DN13863_c8_g1|Tdu_TRINITY_DN23308_c3_g1,-3.7920572904310297,6.058148844470531,-4.0503330368439,0.00224374255946087,0.0249070010134384,-1.552860786009
Tpr_TRINITY_DN11666_c4_g1|Tdu_TRINITY_DN22769_c4_g1,-3.4854063552605297,4.486940196722911,-7.652114438665731,1.57323583210966e-05,0.00150225292968471,3.43894801437887
Tpr_TRINITY_DN13098_c4_g2|Tdu_TRINITY_DN24420_c1_g1,-1.09623942105672,6.42533480694329,-4.19601385080475,0.0017735755838119,0.0216527393573139,-1.5159102197516798
Tpr_TRINITY_DN10442_c4_g1|Tdu_TRINITY_DN20719_c8_g1,-1.63915919267256,4.06724117083735,-3.6800741213644,0.00412761433815389,0.0370331035865015,-1.8927344644939896
Tpr_TRINITY_DN13205_c0_g6|Tdu_TRINITY_DN17177_c10_g1,-2.3741640019297,4.6447119244039685,-5.92081736435872,0.000137268539676395,0.00431494791705956,1.4153465521811102
Tpr_TRINITY_DN15316_c5_g10|Tdu_TRINITY_DN17886_c1_g1,-2.65506612735986,5.0916223975038895,-6.13323451631243,0.000103096895155366,0.0037165738597455204,1.66501386319944
Tpr_TRINITY_DN12804_c2_g6|Tdu_TRINITY_DN14232_c0_g1,-2.41931920059283,4.16273361519321,-4.48561630652687,0.00112074493774653,0.0166234865483192,-0.592415418684945
Tpr_TRINITY_DN13672_c4_g2|Tdu_TRINITY_DN25553_c4_g7,-1.49273954461229,4.50560016615031,-4.4375474190642,0.00120850383093801,0.0173717011253652,-0.7709526618498052
Tpr_TRINITY_DN13522_c5_g3|Tdu_TRINITY_DN17953_c0_g1,-2.16885639443081,3.82767313888805,-4.32611658856811,0.00144105520946291,0.0193937983810437,-0.808702043412491
Tpr_TRINITY_DN12945_c1_g7|Tdu_TRINITY_DN23408_c0_g3,-2.10258883803892,4.49265641552168,-3.67584603806826,0.00415682862748998,0.0371629545040514,-1.95956841979896
Tpr_TRINITY_DN14546_c4_g2|Tdu_TRINITY_DN17353_c3_g1,-0.681045764435482,7.977342914694179,-3.54308704041944,0.0051922867384051,0.0420597971016876,-2.7895069918419804
Tpr_TRINITY_DN11701_c5_g2|Tdu_TRINITY_DN18513_c0_g6,-1.05956532927382,5.84007997145818,-4.39482539766421,0.0012926000323824304,0.0182534240488371,-1.1037779546100202
Tpr_TRINITY_DN11685_c4_g4|Tdu_TRINITY_DN16280_c0_g1,-0.9106129133940872,7.1144103731588615,-3.89393458265072,0.0028968141265669697,0.0290640077821577,-2.1104822233660503
Tpr_TRINITY_DN10387_c0_g3|Tdu_TRINITY_DN25104_c3_g1,-3.62087883145708,3.3108237742983,-5.83036366654127,0.000155353812795786,0.00453570298750539,1.19224024108451
Tpr_TRINITY_DN12517_c3_g1|Tdu_TRINITY_DN15308_c0_g1,-1.49101410489193,5.00075036484943,-3.93730779103483,0.0026978616343351397,0.0279580725697702,-1.67836653844472
Tpr_TRINITY_DN12317_c2_g1|Tdu_TRINITY_DN24272_c0_g1,-2.43833328050827,5.483885133997589,-6.899118023940692,3.857349408218371e-05,0.00226955758240429,2.59724827025738
Tpr_TRINITY_DN15815_c2_g1|Tdu_TRINITY_DN17973_c0_g3,-5.24127177640167,4.39717221907344,-8.529928773505759,5.97928058051121e-06,0.0009223040295438539,3.9529035160228094
Tpr_TRINITY_DN12235_c1_g6|Tdu_TRINITY_DN23881_c0_g2,-5.59661067622224,2.91615408994699,-6.35452032615214,7.700429972191108e-05,0.0032853802556885602,1.75600861669869
Tpr_TRINITY_DN14639_c1_g2|Tdu_TRINITY_DN4307_c0_g1,-2.7374972737542005,5.36374258315826,-6.82479017997,4.2297451934219e-05,0.00235602681919702,2.52758398466167
Tpr_TRINITY_DN11999_c7_g2|Tdu_TRINITY_DN20853_c1_g2,-2.2492203642697,3.20903035787643,-3.9554968705492,0.00261873102068396,0.0274214641212872,-1.3132644838361498
Tpr_TRINITY_DN13333_c0_g1|Tdu_TRINITY_DN15462_c0_g1,-1.42960860260504,7.6899032204045,-6.74565932821067,4.66928584063249e-05,0.00246396985050745,2.1538370152429
Tpr_TRINITY_DN13688_c0_g1|Tdu_TRINITY_DN20186_c8_g1,-1.04937705378707,6.985437589664722,-3.4548173829575,0.00602576738963797,0.0462739011368753,-2.84353193090293
Tpr_TRINITY_DN12037_c0_g4|Tdu_TRINITY_DN17242_c2_g1,-0.9263778431402092,6.867903112831559,-3.94160912075065,0.00267892580959653,0.0277977540993192,-2.0019313531252
Tpr_TRINITY_DN13813_c0_g1|Tdu_TRINITY_DN20215_c2_g3,-1.90928095601189,5.45752070968721,-4.3483694784264,0.0013910980742091199,0.0190735002619339,-1.0768869991431
Tpr_TRINITY_DN14132_c4_g2|Tdu_TRINITY_DN17886_c4_g1,-2.29502081362759,7.645058282785749,-9.854524462103187,1.59393037650842e-06,0.00047100024602348203,5.6839683257621205
Tpr_TRINITY_DN16021_c4_g4|Tdu_TRINITY_DN24331_c2_g1,-0.8696060126179069,6.86163149747589,-3.41547508999323,0.006440679339734389,0.0484322251954752,-2.90009684480864
Tpr_TRINITY_DN13376_c5_g6|Tdu_TRINITY_DN23736_c5_g2,-0.81448206221259,6.06996680295056,-3.7180517302094,0.0038745818845297,0.0354771932600602,-2.27142563543893
Tpr_TRINITY_DN15423_c1_g2|Tdu_TRINITY_DN17634_c2_g1,-1.5652830311867902,6.45741550182248,-6.73403075968325,4.73792867807139e-05,0.0024838513677654,2.25054230270578
Tpr_TRINITY_DN12849_c4_g1|Tdu_TRINITY_DN22167_c3_g3,-0.96278720259115,7.8099101793933,-3.4397533759162098,0.00618127680412563,0.0470845405943891,-2.95169381805665
Tpr_TRINITY_DN10951_c0_g2|Tdu_TRINITY_DN17623_c4_g1,-3.2582240181382205,4.71819392768177,-4.22261511221216,0.0016995465643750301,0.0212337429795205,-1.0419525590616
Tpr_TRINITY_DN11552_c0_g3|Tdu_TRINITY_DN19875_c2_g3,-1.66445033699357,4.658681921169888,-4.50226732322936,0.00109193767100132,0.0165608035890808,-0.6892099750173859
Tpr_TRINITY_DN14568_c1_g2|Tdu_TRINITY_DN19654_c1_g1,-0.8537730294131608,6.63519762542603,-3.75671158854087,0.00363353207911079,0.0340908393853883,-2.28710877815755
Tpr_TRINITY_DN11955_c4_g2|Tdu_TRINITY_DN12686_c0_g1,-1.28341242503632,6.5439272194610085,-5.476595126709629,0.000254845487484489,0.00668011651997741,0.4851871374300461
Tpr_TRINITY_DN10645_c3_g10|Tdu_TRINITY_DN13331_c0_g2,-2.70439018703991,3.7383744127484704,-3.86245841405483,0.00305075838981325,0.0301727904373515,-1.49396350527489
Tpr_TRINITY_DN14753_c2_g1|Tdu_TRINITY_DN19155_c2_g2,-2.62372544742221,2.55512387645842,-3.9251934725150894,0.0027519488745161,0.0282629730121557,-1.33575216635579
Tpr_TRINITY_DN13820_c7_g2|Tdu_TRINITY_DN16022_c0_g2,-3.77148524185156,1.9888165468107504,-4.4525676754624905,0.00118032681014429,0.017120074763413,-0.5920743076553461
Tpr_TRINITY_DN12655_c4_g1|Tdu_TRINITY_DN23417_c1_g2,-1.23908545061623,6.14541968653687,-4.1742048020695,0.0018367965449889601,0.0220883734443126,-1.50836722230675
Tpr_TRINITY_DN10734_c0_g8|Tdu_TRINITY_DN8874_c0_g1,-1.7566026906343402,3.692353004625681,-3.64304098194548,0.00439092675477876,0.0383171684731708,-1.88089228157924
Tpr_TRINITY_DN13806_c2_g3|Tdu_TRINITY_DN22430_c1_g1,-2.45765597209319,4.71282410236686,-5.506069241150559,0.00024438645541322203,0.00651237129192511,0.8435482688605299
Tpr_TRINITY_DN13698_c0_g1|Tdu_TRINITY_DN21056_c0_g1,-1.21154109624421,6.1179040102212205,-4.5767405690327685,0.0009723529198455561,0.0154746880358754,-0.848309189637828
Tpr_TRINITY_DN8877_c0_g1|Tdu_TRINITY_DN14877_c0_g1,-2.22917773213493,4.682526330169849,-4.80864471660559,0.000680995439364983,0.0121653995972083,-0.18276680418523894
Tpr_TRINITY_DN11575_c5_g1|Tdu_TRINITY_DN18890_c0_g1,-3.14983210961878,2.54522335238986,-3.49081424970295,0.00567031067485856,0.0443995899067959,-1.98063085279521
Tpr_TRINITY_DN14712_c1_g4|Tdu_TRINITY_DN43213_c0_g1,-1.52887565927347,4.352582015855431,-3.61137297830091,0.00462991519059538,0.0398352544736183,-2.07416506833027
Tpr_TRINITY_DN11794_c3_g2|Tdu_TRINITY_DN10967_c0_g1,-0.965208745337692,6.68880734215853,-4.8002605471484685,0.000689729052606571,0.012266777673963,-0.575212234851056
Tpr_TRINITY_DN13451_c0_g1|Tdu_TRINITY_DN22188_c3_g5,-2.00217780638272,6.5693241262471,-4.29084080400049,0.00152416092212637,0.0199109035120125,-1.35117200184174
Tpr_TRINITY_DN12514_c0_g5|Tdu_TRINITY_DN19685_c5_g1,-5.77686477284199,5.34637260638001,-6.15234464494448,0.000100505533277527,0.0036810725224614,1.72069374599255
Tpr_TRINITY_DN15856_c2_g3|Tdu_TRINITY_DN8556_c0_g1,-1.45109908218292,6.54770294650334,-6.23488178955459,9.00913430170515e-05,0.00349684517794828,1.57084796019574
Tpr_TRINITY_DN11221_c3_g4|Tdu_TRINITY_DN17012_c6_g1,-1.43651578870707,6.521385117227732,-5.134797330247428,0.000418067896914635,0.009086422356964509,-0.0226679043828231
Tpr_TRINITY_DN10669_c9_g1|Tdu_TRINITY_DN23289_c5_g1,-1.05793704243503,9.003117752295571,-5.10227982137624,0.000438607281906237,0.00938151735511981,-0.264704137884406
Tpr_TRINITY_DN10609_c3_g1|Tdu_TRINITY_DN21711_c4_g6,-5.5779172069698095,2.5909702073458702,-7.81486493043511,1.30695889614006e-05,0.00140222003796844,3.1329507455320003
Tpr_TRINITY_DN14076_c1_g5|Tdu_TRINITY_DN7204_c0_g1,-7.747201481859291,2.89197739657165,-11.8757068386986,2.7493816365534003e-07,0.000220527901067948,5.715093340934678
Tpr_TRINITY_DN10137_c2_g2|Tdu_TRINITY_DN4820_c0_g1,-0.914522451655177,9.609153572124393,-3.86570833376039,0.00303447532158142,0.0300487982153143,-2.28836616438444
Tpr_TRINITY_DN12024_c1_g1|Tdu_TRINITY_DN20284_c3_g4,-2.22961738816952,3.5318250542811,-4.2030080447401,0.0017537884566572802,0.0215423234469342,-0.961314939389529
Tpr_TRINITY_DN14921_c2_g2|Tdu_TRINITY_DN24639_c5_g2,-1.6015181894774198,4.8769126223166905,-4.77763297717591,0.000713898613874501,0.0125025781263916,-0.30649799331005395
Tpr_TRINITY_DN24936_c0_g1|Tdu_TRINITY_DN43447_c0_g1,-1.95450930290075,5.3897066418674315,-6.54566900809754,6.015615587998361e-05,0.00290670196574306,2.1417731589578604
Tpr_TRINITY_DN12803_c1_g1|Tdu_TRINITY_DN24431_c1_g9,-1.48493952476864,4.94202969548833,-3.81121491362575,0.0033199165767845693,0.0320831938101072,-1.8762935588231495
Tpr_TRINITY_DN10604_c4_g1|Tdu_TRINITY_DN17453_c7_g1,-0.7538039161695491,8.51293716497218,-3.7318310916065895,0.0037868111246959204,0.0349528331774292,-2.49446250671453
Tpr_TRINITY_DN12364_c2_g2|Tdu_TRINITY_DN20131_c0_g1,-1.74581084098616,6.93252649927987,-3.42242862180244,0.00636525640124871,0.0480298415751796,-2.87750899748475
Tpr_TRINITY_DN12594_c4_g9|Tdu_TRINITY_DN15314_c0_g2,-1.0718610995339,8.443292581792821,-4.0533780512053,0.00223267857531846,0.0248726595175408,-1.94260315529256
Tpr_TRINITY_DN9995_c0_g1|Tdu_TRINITY_DN23415_c2_g1,-1.17417552634316,7.30675494952474,-3.97595276130492,0.0025326325927442802,0.0269718912431087,-1.98721106192958
Tpr_TRINITY_DN14519_c0_g1|Tdu_TRINITY_DN21688_c5_g1,-2.28007964665067,4.208599482453431,-4.6457533810044405,0.000873868615636114,0.0146027086792027,-0.3590883491326889
Tpr_TRINITY_DN12781_c3_g1|Tdu_TRINITY_DN25015_c2_g1,-0.7961266208294009,8.18099498742193,-3.77230441333007,0.0035407768256256,0.0335307803050094,-2.40807641324022
Tpr_TRINITY_DN14622_c0_g1|Tdu_TRINITY_DN18692_c4_g1,-1.79173814735753,6.45138106386339,-6.22410298198028,9.13828840658762e-05,0.00350709145020284,1.57624946348187
Tpr_TRINITY_DN12362_c8_g2|Tdu_TRINITY_DN23177_c0_g1,-0.797789219964445,6.29299615786376,-3.5251703764543905,0.0053512498507112104,0.0427939930733346,-2.63520080916016
Tpr_TRINITY_DN11333_c1_g1|Tdu_TRINITY_DN17672_c5_g2,-0.795912442302596,8.54288578965724,-3.51844456877386,0.0054122164720257285,0.0430174094847852,-2.8621008939692905
Tpr_TRINITY_DN10383_c1_g1|Tdu_TRINITY_DN18103_c1_g3,-0.941691112090073,7.669714278899749,-4.39752194780698,0.00128711350308751,0.0182344449532881,-1.32281826193527
Tpr_TRINITY_DN12463_c4_g5|Tdu_TRINITY_DN18026_c7_g2,-2.04899595889376,5.1985997387004,-5.1949886357188095,0.000382705730474974,0.0086249842703537,0.296683205471204
Tpr_TRINITY_DN14060_c3_g2|Tdu_TRINITY_DN45169_c0_g1,-1.84422670596035,3.46365426998721,-3.94585547585248,0.00266036834160439,0.0276409513834311,-1.3633733302868198
Tpr_TRINITY_DN10915_c0_g3|Tdu_TRINITY_DN18032_c0_g1,-1.4191185070177,5.645011214402209,-4.398319651062732,0.00128549517308928,0.0182344449532881,-1.05303513467263
Tpr_TRINITY_DN15197_c0_g4|Tdu_TRINITY_DN16758_c2_g1,-2.39565619616363,3.10195657706657,-3.87223812375418,0.00300203289422615,0.0298750692860892,-1.43056011357581
Tpr_TRINITY_DN13348_c2_g2|Tdu_TRINITY_DN17805_c2_g5,-1.35456435552564,7.1164726393921605,-5.01034072376642,0.0005027168101977202,0.0101313857653164,-0.285681433691466
Tpr_TRINITY_DN12876_c3_g2|Tdu_TRINITY_DN20441_c0_g1,-4.4787222692713495,3.21401038858249,-4.224446794823169,0.00169457025074207,0.0212045990346368,-0.9019614774160122
Tpr_TRINITY_DN10548_c2_g3|Tdu_TRINITY_DN25764_c0_g1,-1.03322958499218,5.4198831755576204,-3.8035684962027,0.0033621560721886893,0.0322581983911788,-2.00813607412818
Tpr_TRINITY_DN12290_c2_g4|Tdu_TRINITY_DN24899_c0_g1,-1.82967945353644,6.3032811694668,-6.30169817729802,8.25109354990465e-05,0.0033594934702429,1.69969182531952
Tpr_TRINITY_DN15181_c0_g9|Tdu_TRINITY_DN20057_c3_g8,-2.76453824552454,5.981718500950018,-4.99920949374458,0.000511131141050452,0.0102494572059142,-0.0939456720691467
Tpr_TRINITY_DN15930_c2_g2|Tdu_TRINITY_DN18914_c2_g1,-1.93159062620513,4.22476966979439,-4.31311979981281,0.00147110443946916,0.0196334920282564,-0.8861491131623629
Tpr_TRINITY_DN12442_c3_g7|Tdu_TRINITY_DN12953_c0_g1,-1.12302422680344,5.54786413087904,-4.09323146066383,0.00209303349761261,0.0240937181072187,-1.5451964857405502
Tpr_TRINITY_DN14610_c1_g4|Tdu_TRINITY_DN16779_c0_g2,-1.81615290224455,5.275940918725941,-6.47277639360299,6.60589599299205e-05,0.00305513993993814,2.05539236205241
Tpr_TRINITY_DN13155_c2_g4|Tdu_TRINITY_DN12675_c0_g1,-2.15621168502092,4.59342875370816,-4.20382472718703,0.00175149318187617,0.0215423234469342,-1.12034900265763
Tpr_TRINITY_DN16062_c2_g1|Tdu_TRINITY_DN23230_c4_g2,-1.00378712268793,6.054917940876268,-3.63880414521425,0.00442214434973401,0.0384745308365636,-2.40052050266986
Tpr_TRINITY_DN12442_c2_g1|Tdu_TRINITY_DN21998_c0_g1,-0.6482950823770589,8.1708824674054,-3.9290460621321897,0.00273462615518055,0.0281571712332519,-2.14230290707399
Tpr_TRINITY_DN11822_c0_g1|Tdu_TRINITY_DN15681_c0_g1,-1.10200366544013,6.86030918094084,-3.54451231393846,0.005179852946013,0.0420097072598284,-2.6733322834454905
Tpr_TRINITY_DN9295_c0_g2|Tdu_TRINITY_DN13443_c0_g1,-2.69051357765349,6.2235096076611605,-7.29824245668653,2.37843446192954e-05,0.0017721644642361399,3.0226403503294104
Tpr_TRINITY_DN11765_c4_g4|Tdu_TRINITY_DN20439_c4_g2,-0.8617885364678269,8.19364806503039,-4.79447368905609,0.000695826424010579,0.0123109655588241,-0.7185987347778721
Tpr_TRINITY_DN13576_c2_g15|Tdu_TRINITY_DN11463_c0_g1,-1.91912853963537,5.656017513354981,-5.88368057571588,0.00014440429075293702,0.0044378038932157285,1.21310941557806
Tpr_TRINITY_DN11892_c3_g4|Tdu_TRINITY_DN20048_c1_g1,-1.10568970133347,6.16179372395941,-3.60037055917034,0.00471607310200185,0.0403279555982482,-2.47971788561131
Tpr_TRINITY_DN15590_c7_g1|Tdu_TRINITY_DN25519_c1_g2,-1.68328751638849,5.48828649590501,-5.09043032660578,0.00044635701614955997,0.009446516165001629,0.0695956195262877
Tpr_TRINITY_DN5885_c0_g1|Tdu_TRINITY_DN6124_c0_g1,-2.45440547829373,3.7792117990856897,-3.97241021055051,0.00254732827960742,0.0270296553818612,-1.33163428337706
Tpr_TRINITY_DN13817_c0_g1|Tdu_TRINITY_DN49721_c0_g1,-5.03141599771218,1.62605355477671,-6.34500263009654,7.79665216872907e-05,0.00330883317700401,1.6998613038161698
Tpr_TRINITY_DN14425_c1_g2|Tdu_TRINITY_DN21044_c4_g4,-1.43243674921154,4.23327883797002,-3.56756928197319,0.004982937464753001,0.0410369516105487,-2.12670866677699
Tpr_TRINITY_DN9611_c0_g1|Tdu_TRINITY_DN19061_c1_g1,-1.51586317598521,7.17488389820645,-7.21059736284674,2.64061839517462e-05,0.00185398462236015,2.78952215447756
Tpr_TRINITY_DN13510_c2_g2|Tdu_TRINITY_DN18204_c10_g6,-1.29592127797647,4.38599275332294,-3.65777650500654,0.00428412378400329,0.0379701180900446,-2.01526502321083
Tpr_TRINITY_DN11305_c3_g3|Tdu_TRINITY_DN19745_c1_g6,-1.01322734191883,8.83242229958426,-5.77464284630206,0.000167755427373769,0.00481061770921961,0.7487599920564529
