Unnamed: 0,logFC,AveExpr,t,P.Value,adj.P.Val,B
Tpr_TRINITY_DN14551_c1_g11|Tdu_TRINITY_DN21735_c3_g1,1.6086991120281202,5.26427988646209,5.06310051432764,0.000464792896452851,0.009633343210460759,0.0698930702625438
Tpr_TRINITY_DN13298_c1_g1|Tdu_TRINITY_DN18431_c4_g1,2.03879527467768,5.42135162310571,4.974627844921558,0.000530248593592924,0.0105536574918334,-0.0736492341154893
Tpr_TRINITY_DN10516_c1_g3|Tdu_TRINITY_DN19561_c1_g1,0.73512896178438,7.8386079461719795,4.22746327489554,0.00168640846620741,0.0212016964066609,-1.6173107449702702
Tpr_TRINITY_DN12437_c6_g1|Tdu_TRINITY_DN18152_c3_g1,1.13186439025174,6.0500982933893885,4.93952579869333,0.000558877952624005,0.010840354077109,-0.26645182781592897
Tpr_TRINITY_DN12896_c9_g2|Tdu_TRINITY_DN20213_c4_g1,2.5463737869394,3.49562913595454,5.098614702335049,0.00044098889004372596,0.00939544125205823,0.33656875560556004
Tpr_TRINITY_DN14993_c1_g6|Tdu_TRINITY_DN17642_c0_g1,0.899387257883832,6.739144327600441,3.5941250497359003,0.00476571877310024,0.0405364053860414,-2.57367878073637
Tpr_TRINITY_DN11273_c5_g1|Tdu_TRINITY_DN14692_c0_g1,1.7202199418747,5.20176184964458,3.4836484975116004,0.00573930153362355,0.0446327345476982,-2.4649887999756004
Tpr_TRINITY_DN14293_c0_g7|Tdu_TRINITY_DN24970_c1_g2,0.665378476086827,8.35194809797165,3.9693203058021496,0.00256021912457769,0.0270578811364464,-2.08276902658245
Tpr_TRINITY_DN12096_c4_g4|Tdu_TRINITY_DN23701_c1_g1,2.05540766362281,5.67720622468843,6.40334853808957,7.226485990458459e-05,0.00320577885911195,1.92788304751754
Tpr_TRINITY_DN12403_c2_g9|Tdu_TRINITY_DN17638_c2_g2,0.693560873779886,7.526896579936321,3.517949864829529,0.00541672903374056,0.0430174094847852,-2.79517260809941
Tpr_TRINITY_DN11269_c3_g3|Tdu_TRINITY_DN24648_c1_g2,1.39281484306748,7.02530701535328,5.27214963139508,0.000341972609874521,0.00806753618765745,0.12933528908598102
Tpr_TRINITY_DN7906_c0_g1|Tdu_TRINITY_DN16252_c0_g1,2.4578777371890297,4.4364103962462,6.1248605742387,0.00010425497050776,0.0037165738597455204,1.69470196952348
Tpr_TRINITY_DN9882_c0_g1|Tdu_TRINITY_DN13766_c0_g1,0.785514659949969,6.86476789196194,3.41473380425999,0.00644877403176257,0.0484322251954752,-2.9006333766723995
Tpr_TRINITY_DN15403_c4_g2|Tdu_TRINITY_DN16791_c0_g3,3.18545688320369,5.281219753349389,4.78154358680606,0.00070965807731178,0.0124828233292057,-0.26178005094623
Tpr_TRINITY_DN13435_c7_g5|Tdu_TRINITY_DN13665_c0_g1,1.35597528510452,5.48684476804432,4.08028432742406,0.00213736652348363,0.0243622584488728,-1.54388309943556
Tpr_TRINITY_DN8416_c0_g1|Tdu_TRINITY_DN18640_c0_g1,0.761145294628029,8.22334774398625,4.06411347130171,0.00219412594044645,0.0246141037319175,-1.91512612620028
Tpr_TRINITY_DN15001_c3_g1|Tdu_TRINITY_DN20603_c3_g1,1.0429272652250898,5.5941137291670096,3.96895597945092,0.00256174356025906,0.0270578811364464,-1.7582853324873502
Tpr_TRINITY_DN11621_c3_g1|Tdu_TRINITY_DN15535_c0_g1,3.32720758207201,3.31036780080714,3.98227508489332,0.00250662560861354,0.026771829569493,-1.26247618133922
Tpr_TRINITY_DN9447_c0_g2|Tdu_TRINITY_DN23603_c4_g1,1.28256997439508,5.53651727046067,4.460498392355951,0.00116573003289315,0.0170279852750475,-0.93827067391278
Tpr_TRINITY_DN10560_c1_g3|Tdu_TRINITY_DN22971_c5_g1,0.894676172712882,6.45847742416456,3.51571053953693,0.00543720432091029,0.0430946797016022,-2.67139113842184
Tpr_TRINITY_DN10413_c1_g1|Tdu_TRINITY_DN13915_c0_g1,1.01174713843451,5.7952811338547185,4.35735190203008,0.0013714531429047199,0.0189194503411746,-1.15597882595961
Tpr_TRINITY_DN11189_c2_g1|Tdu_TRINITY_DN17328_c3_g3,1.02842186082871,5.821136963848421,3.82051791536911,0.0032692710959954,0.0317145578125299,-2.05108407207968
Tpr_TRINITY_DN13747_c1_g4|Tdu_TRINITY_DN21432_c0_g1,0.8486153305859759,7.3388739847463285,3.9646149959810697,0.0025799806360394,0.0271578822205955,-2.01326399372888
Tpr_TRINITY_DN10283_c6_g2|Tdu_TRINITY_DN19734_c6_g1,1.8460051862118405,5.8959527542241394,4.6059118259102405,0.000929361562685697,0.0152441903768957,-0.73501002924238
Tpr_TRINITY_DN39169_c0_g1|Tdu_TRINITY_DN17720_c1_g1,1.10438891456908,5.69193391999758,3.81164098523675,0.00331757925764787,0.0320831938101072,-2.04027330665822
Tpr_TRINITY_DN10137_c1_g1|Tdu_TRINITY_DN17299_c3_g6,2.37022891033482,3.34317955697878,4.01300288877181,0.00238415011761291,0.0258772234010462,-1.22939211347256
Tpr_TRINITY_DN13098_c0_g1|Tdu_TRINITY_DN17185_c0_g1,2.2603594929791604,7.05734312595211,5.98139690528168,0.000126428226849046,0.00417317204755638,1.19081190917462
Tpr_TRINITY_DN11028_c1_g3|Tdu_TRINITY_DN25188_c1_g1,0.954606846029366,6.83170102668751,4.57529871527368,0.000974531732293625,0.0154786515341132,-0.948830936232391
Tpr_TRINITY_DN14058_c6_g1|Tdu_TRINITY_DN22666_c1_g1,1.21647689330639,6.7312405494647685,5.8592465530259,0.00014931576231709296,0.00446073643512765,1.02190253617631
Tpr_TRINITY_DN10394_c1_g4|Tdu_TRINITY_DN24715_c2_g1,3.2807801034372903,2.5754611255606203,5.02576528740793,0.000491299963663551,0.0100272697418456,0.17810832734142806
Tpr_TRINITY_DN13524_c1_g2|Tdu_TRINITY_DN17543_c3_g1,1.0397321437745,6.101430853336308,4.4919241275956505,0.00110973862020957,0.0166143980004167,-0.984000122267854
Tpr_TRINITY_DN13383_c3_g4|Tdu_TRINITY_DN16086_c0_g1,2.50269607432358,3.96142780417586,4.589604940150321,0.0009531400297262473,0.0154537917039155,-0.4096083497612991
Tpr_TRINITY_DN8866_c0_g1|Tdu_TRINITY_DN13618_c0_g1,2.19014932504357,3.4980587871187003,4.35893691176158,0.0013680171388321901,0.0189187335699534,-0.72640918155506
Tpr_TRINITY_DN12775_c0_g5|Tdu_TRINITY_DN22675_c1_g3,3.02127408030416,5.0363822853315705,8.09717593606849,9.53838633916318e-06,0.0011954280754129401,3.98918495731194
Tpr_TRINITY_DN14835_c1_g1|Tdu_TRINITY_DN21687_c1_g1,2.3119474967810496,6.4983917411907814,5.48631955925997,0.00025134275385040603,0.0066316454889279895,0.5427168641843649
Tpr_TRINITY_DN10380_c0_g4|Tdu_TRINITY_DN24456_c0_g1,1.6829364005258798,7.3365229019808,8.73902136627053,4.802737531912429e-06,0.00081851614886728,4.55444797652352
Tpr_TRINITY_DN14769_c3_g5|Tdu_TRINITY_DN19712_c3_g3,1.8776182238348895,4.00708195508884,3.72861299918743,0.0038071225919281203,0.0350532231876453,-1.77782489274622
Tpr_TRINITY_DN10314_c5_g3|Tdu_TRINITY_DN23037_c0_g2,1.0611054477555,6.985565543427732,3.98425204324817,0.00249855086507603,0.0267504464034021,-1.93908495612787
Tpr_TRINITY_DN14162_c1_g10|Tdu_TRINITY_DN21715_c4_g1,1.36177720134855,4.2165675940758405,3.46395587507331,0.00593340234252412,0.0457174065219846,-2.29583443547442
Tpr_TRINITY_DN16810_c0_g1|Tdu_TRINITY_DN20661_c0_g4,1.68774838388345,3.7742324062663104,3.64919876837033,0.00434596272570398,0.0381869212196592,-1.8935397554810405
Tpr_TRINITY_DN13802_c1_g2|Tdu_TRINITY_DN24520_c1_g1,0.85439869089678,7.419283939026741,3.5270169550556703,0.0053346360393188704,0.0427037082548669,-2.76738217682924
Tpr_TRINITY_DN10174_c0_g1|Tdu_TRINITY_DN17189_c1_g1,1.7086303334236002,4.84453754853252,4.32283183358496,0.0014485881197187696,0.019462521454379,-0.994559909746102
Tpr_TRINITY_DN11471_c4_g2|Tdu_TRINITY_DN19361_c4_g1,1.5373307913005805,5.50632613145059,5.50608596180427,0.00024438065404031,0.00651237129192511,0.681813150614339
Tpr_TRINITY_DN11233_c0_g2|Tdu_TRINITY_DN23888_c4_g1,0.9101508476892728,5.975256622410869,3.6811896843883,0.00411994189988209,0.0370056595509006,-2.31605487701487
Tpr_TRINITY_DN11620_c2_g9|Tdu_TRINITY_DN21606_c4_g2,1.41436297714546,6.18399019621188,5.7085264623570895,0.000183863770969639,0.00524829646600525,0.87564349545859
Tpr_TRINITY_DN4165_c0_g1|Tdu_TRINITY_DN19357_c7_g4,4.02748996732512,1.65482201698346,6.304843066698459,8.217148840142741e-05,0.0033594934702429,1.62217829944846
Tpr_TRINITY_DN15711_c5_g1|Tdu_TRINITY_DN24618_c5_g3,1.70399702000017,5.21613699961535,4.55740341733836,0.0010020078606313696,0.0156261061267095,-0.6943788930661079
Tpr_TRINITY_DN10764_c3_g2|Tdu_TRINITY_DN24018_c2_g1,0.758939634135869,7.2770099013520015,4.26545939416195,0.00158707136351561,0.0202705404566221,-1.50630761693095
Tpr_TRINITY_DN11865_c0_g10|Tdu_TRINITY_DN3684_c0_g1,1.09144456296811,5.5230047047082405,3.849780190534029,0.0031151573600376892,0.0305834482066858,-1.94127979474694
Tpr_TRINITY_DN12686_c0_g2|Tdu_TRINITY_DN22342_c1_g6,1.70629968718767,7.72408254866493,8.184099260435799,8.67124266362924e-06,0.00112084980871664,3.91847210627701
Tpr_TRINITY_DN13928_c3_g5|Tdu_TRINITY_DN18004_c5_g1,1.7727293824681898,6.107599288631492,6.32469318046135,8.006333186833191e-05,0.0033273988855745604,1.7577211625493798
Tpr_TRINITY_DN9406_c0_g1|Tdu_TRINITY_DN16627_c0_g1,1.3935838102374198,5.537207777638861,4.63472548885097,0.0008888683664841631,0.0147736077684402,-0.6513489185635121
Tpr_TRINITY_DN15971_c1_g2|Tdu_TRINITY_DN4106_c0_g1,1.5556182965383798,6.88827773452474,6.7929796113191605,4.4008253541692e-05,0.00240129388882933,2.28650585746389
Tpr_TRINITY_DN12903_c1_g1|Tdu_TRINITY_DN19225_c5_g1,1.11841541765453,5.947063344862388,3.69559845067947,0.00402216534627643,0.0363308426154091,-2.28025178876102
Tpr_TRINITY_DN13142_c7_g12|Tdu_TRINITY_DN19837_c4_g3,0.802942641720535,7.0449496936468,3.4724858050171203,0.0058485074416285785,0.045289346027502994,-2.8226698059914304
Tpr_TRINITY_DN13192_c1_g3|Tdu_TRINITY_DN20250_c3_g1,0.7992013691944531,12.5133690780299,3.45342293759189,0.00603999142195844,0.0463162248523219,-2.96671605351156
Tpr_TRINITY_DN13976_c2_g4|Tdu_TRINITY_DN23228_c1_g2,1.2087934015121,6.9824873575489805,3.9362673172117297,0.0027024631275261697,0.0279696216075966,-2.01624724268415
Tpr_TRINITY_DN15226_c1_g2|Tdu_TRINITY_DN22501_c3_g4,2.2227080533053503,4.3746879837441,5.47024606087497,0.000257160568414548,0.0066970289586139285,0.81532868376403
Tpr_TRINITY_DN10351_c3_g2|Tdu_TRINITY_DN17154_c6_g1,1.3258253646071,6.122517724648559,5.18877483088554,0.000386204084217711,0.00862679193303057,0.11132959768471197
Tpr_TRINITY_DN12019_c3_g4|Tdu_TRINITY_DN22016_c2_g1,1.2672806753143,5.28886148706379,3.6481673793016296,0.00435346044128774,0.0381869212196592,-2.23488119706322
Tpr_TRINITY_DN14558_c2_g1|Tdu_TRINITY_DN19063_c1_g2,1.1980540909363402,5.40701999265123,3.59174949051334,0.00478474412442211,0.0406120980126876,-2.35208771806135
Tpr_TRINITY_DN10907_c5_g5|Tdu_TRINITY_DN19091_c1_g2,1.9226923294691296,3.0294670073591,3.6201620249488697,0.00456226370316335,0.0393482980248099,-1.82045752096921
Tpr_TRINITY_DN8861_c0_g1|Tdu_TRINITY_DN24415_c0_g1,1.8333239880249,3.48367346561312,3.75883065043192,0.0036207794649191897,0.0340828683922424,-1.65717614753833
Tpr_TRINITY_DN12139_c4_g2|Tdu_TRINITY_DN9219_c0_g1,1.89259210803644,6.51072767238666,3.8808992303021097,0.0029595592502499107,0.0294889748400678,-2.02485723266096
Tpr_TRINITY_DN15170_c3_g5|Tdu_TRINITY_DN20842_c2_g1,1.26039101020971,4.75247799220507,3.49111623010135,0.00566742214315128,0.0443995899067959,-2.37186357815655
Tpr_TRINITY_DN11519_c1_g2|Tdu_TRINITY_DN25026_c0_g1,1.2752577660876598,4.436888769802639,3.7559429030598,0.0036381696189867,0.0340908393853883,-1.86785464309248
Tpr_TRINITY_DN11485_c3_g3|Tdu_TRINITY_DN17216_c5_g3,1.1454243539426598,4.87510021206125,3.59563186314788,0.0047536916948079395,0.0404904859054451,-2.2371305572318905
Tpr_TRINITY_DN13712_c0_g1|Tdu_TRINITY_DN24271_c2_g1,2.8598596536140497,6.20632131754234,7.316887553475491,2.3263754382604894e-05,0.0017721644642361399,3.05822525814808
Tpr_TRINITY_DN11194_c1_g1|Tdu_TRINITY_DN20181_c4_g1,1.41301129524225,3.91675687569136,3.4837762092592297,0.00573806437964169,0.0446327345476982,-2.19886963003819
Tpr_TRINITY_DN16025_c0_g2|Tdu_TRINITY_DN19120_c2_g2,0.8626670106550071,5.78868820128409,3.52294438454232,0.00537134846865766,0.0428692398677643,-2.55296600450216
Tpr_TRINITY_DN12471_c8_g3|Tdu_TRINITY_DN15459_c0_g1,1.34238295468712,6.430111766118442,5.421405300814638,0.000275739706427799,0.0069742799225750215,0.4204700538281579
Tpr_TRINITY_DN10465_c2_g1|Tdu_TRINITY_DN23686_c4_g4,2.28273855222932,5.93210906583199,6.955972599681151,3.59642147906176e-05,0.0021891664647733892,2.61665604538001
Tpr_TRINITY_DN12440_c5_g2|Tdu_TRINITY_DN17506_c4_g2,1.17503190565227,6.093657216095822,4.0285422387475895,0.0023246157296723103,0.0254280572657262,-1.74077253032635
Tpr_TRINITY_DN11218_c3_g7|Tdu_TRINITY_DN20818_c3_g2,1.3637403551783,6.97411362506689,5.32830553709177,0.000315249450190071,0.00766826298830096,0.21949153825368606
Tpr_TRINITY_DN13522_c5_g7|Tdu_TRINITY_DN9582_c0_g1,1.8369849044483504,5.2304697418271,4.901882771339579,0.000591415669601259,0.0110319653159807,-0.164087958110236
Tpr_TRINITY_DN13740_c0_g7|Tdu_TRINITY_DN14734_c0_g1,3.02257646084244,2.85284812258014,3.7984979720873295,0.00339047479870097,0.032374998048072,-1.5262947393606103
Tpr_TRINITY_DN12471_c5_g2|Tdu_TRINITY_DN17481_c1_g5,1.47482393588217,7.1164549654602505,5.7839586986481,0.000165610212737813,0.00481061770921961,0.879857066431017
Tpr_TRINITY_DN11462_c1_g1|Tdu_TRINITY_DN18955_c5_g8,1.04543407282297,6.402640387577652,4.12586161483084,0.0019855307544360697,0.0232564616269841,-1.6268424139815802
Tpr_TRINITY_DN12875_c0_g1|Tdu_TRINITY_DN20872_c3_g1,1.1745167289511598,7.455010972156299,3.75872288578946,0.0036214268712372,0.0340828683922424,-2.3676830436429
Tpr_TRINITY_DN11460_c4_g1|Tdu_TRINITY_DN22887_c2_g3,1.35293816152207,7.9580027981464,6.9545601675120485,3.60266766425742e-05,0.0021891664647733892,2.40968700154785
Tpr_TRINITY_DN11884_c0_g1|Tdu_TRINITY_DN19368_c5_g2,1.8174772378568,7.24117890752807,7.88368645753184,1.2094284685816e-05,0.00136631348542155,3.60676168659527
Tpr_TRINITY_DN12692_c3_g6|Tdu_TRINITY_DN18247_c2_g1,1.47763483810893,6.52659316584088,5.21860585407508,0.000369714609768782,0.00852149679584885,0.108751593941999
Tpr_TRINITY_DN12063_c2_g2|Tdu_TRINITY_DN18607_c2_g5,1.23422365528897,5.299137787716849,4.34252609459139,0.0014040369424968301,0.0191526876118488,-1.0840566317925602
Tpr_TRINITY_DN12102_c1_g1|Tdu_TRINITY_DN21809_c2_g1,2.72433262559578,4.17626375812775,5.083391309516419,0.00045102960533143,0.00947229612371652,0.299727132121596
Tpr_TRINITY_DN8495_c0_g1|Tdu_TRINITY_DN17090_c3_g1,2.22661523314802,5.358583015566929,4.4042117186589405,0.00127360803313634,0.0181127837478485,-0.935066177561438
Tpr_TRINITY_DN10279_c3_g5|Tdu_TRINITY_DN18853_c1_g2,1.21541049782597,6.14606428727605,4.4249139431272315,0.00123275342439945,0.0176569914591214,-1.09419114685614
Tpr_TRINITY_DN15052_c1_g1|Tdu_TRINITY_DN18149_c4_g1,2.1298493654978703,7.122735432751808,6.05156395252254,0.00011500938095356101,0.00396889167483189,1.27754674323627
Tpr_TRINITY_DN14020_c1_g2|Tdu_TRINITY_DN17431_c2_g2,1.01980418405973,6.57016535832729,5.09395142992908,0.000444039041473666,0.00942232050703777,-0.0987244770208173
Tpr_TRINITY_DN13688_c2_g2|Tdu_TRINITY_DN17464_c11_g1,0.763141679921167,7.124189918479941,3.6224683958515,0.00454468144635583,0.0392928024031142,-2.57427506554269
Tpr_TRINITY_DN15482_c1_g1|Tdu_TRINITY_DN18591_c1_g2,1.67930925291101,6.7017806336133,3.97172746769778,0.0025501707707693802,0.0270296553818612,-1.90597667906721
Tpr_TRINITY_DN11991_c2_g1|Tdu_TRINITY_DN23364_c2_g1,2.82867747331893,4.7534281560291705,6.35484720612157,7.69714806812875e-05,0.0032853802556885602,1.98179996642219
Tpr_TRINITY_DN14175_c3_g8|Tdu_TRINITY_DN13111_c0_g1,2.6562464198245896,2.83425617475815,3.73012336498191,0.0037975756113997,0.0350119011253299,-1.6315913713565902
Tpr_TRINITY_DN12156_c2_g2|Tdu_TRINITY_DN18887_c1_g1,1.3190033328893798,5.601543962423098,4.7028969300877,0.000800324850178948,0.013629311302092,-0.5602207950351279
Tpr_TRINITY_DN3455_c0_g1|Tdu_TRINITY_DN22731_c0_g1,4.30203400419051,3.08309154314205,4.3705218537937895,0.00134317724010836,0.0187042094494951,-0.6939613878146109
Tpr_TRINITY_DN11356_c3_g1|Tdu_TRINITY_DN20874_c0_g2,2.3437068412308,3.212709162367,3.692375745165,0.0040438228618126,0.0364853803988738,-1.7121600082235
Tpr_TRINITY_DN12060_c2_g6|Tdu_TRINITY_DN21070_c1_g3,2.15998327247458,5.67129034885521,5.63288028142396,0.000204352155641674,0.0056326757402126,0.871747463882637
Tpr_TRINITY_DN15873_c2_g6|Tdu_TRINITY_DN12575_c0_g1,1.07713984481941,4.80153973517642,3.58793999794258,0.00481541810252811,0.040636063187701,-2.2412760328275096
Tpr_TRINITY_DN13070_c1_g3|Tdu_TRINITY_DN22189_c2_g3,1.12864715547698,5.19416919963356,4.33920084682356,0.00141145656014269,0.0192171798440094,-1.07586443911294
Tpr_TRINITY_DN11422_c2_g7|Tdu_TRINITY_DN21404_c1_g3,0.903785972074642,7.19526470458772,3.75662241778742,0.0036340697374566897,0.0340908393853883,-2.35043170741076
Tpr_TRINITY_DN13781_c1_g4|Tdu_TRINITY_DN18374_c1_g1,1.828301767028,4.09561258198224,4.23275793501315,0.00167218240410829,0.0210889545021267,-1.00073546503273
Tpr_TRINITY_DN11515_c1_g6|Tdu_TRINITY_DN25395_c1_g2,3.17709565001563,2.3768725492886804,4.442129809898769,0.0011998330103597699,0.0173091017555679,-0.6046688279242121
Tpr_TRINITY_DN14428_c1_g2|Tdu_TRINITY_DN17551_c2_g2,2.50642112733066,3.77992049189951,4.62175502004028,0.0009068601329014221,0.0149669241275768,-0.344359825690246
Tpr_TRINITY_DN10648_c5_g2|Tdu_TRINITY_DN17353_c6_g1,1.37072471549745,6.85544020719152,6.05686193361345,0.000114193377773077,0.00396889167483189,1.29157077069258
Tpr_TRINITY_DN12432_c4_g5|Tdu_TRINITY_DN17458_c1_g2,1.50968245573,7.4696444110577,4.95299901647575,0.0005476993259945018,0.0107194726957912,-0.40256252714846097
Tpr_TRINITY_DN12291_c2_g2|Tdu_TRINITY_DN21345_c2_g1,1.12648174239293,6.09440225771183,4.384629389101851,0.0013135694477185,0.0184213997634848,-1.15505143358493
Tpr_TRINITY_DN11493_c0_g1|Tdu_TRINITY_DN22879_c3_g1,0.968075063289395,5.9741480978354415,3.90045008383929,0.00286597457134344,0.0288069950335159,-1.94239061621446
Tpr_TRINITY_DN11326_c2_g1|Tdu_TRINITY_DN23238_c0_g4,1.8917292094373896,8.170220008071981,6.810167447455468,4.307478895522751e-05,0.00238277849799917,2.22097101374339
Tpr_TRINITY_DN10719_c4_g5|Tdu_TRINITY_DN22915_c4_g1,1.4055344090225,8.302557187018289,4.95692361099349,0.000544488035949317,0.0107042611185036,-0.457511325395399
Tpr_TRINITY_DN2540_c0_g1|Tdu_TRINITY_DN20670_c2_g2,0.817010866909285,6.47683915180452,3.54878846869407,0.0051427333214945,0.0418289962905291,-2.61842186845948
Tpr_TRINITY_DN13863_c4_g1|Tdu_TRINITY_DN9665_c0_g1,2.5176039692605,9.475020914330608,8.0579343718313,9.960296063536659e-06,0.00122910053424042,3.72457859132396
Tpr_TRINITY_DN8809_c0_g1|Tdu_TRINITY_DN17042_c2_g1,1.07613555954058,5.86728901457438,4.582057483430769,0.000964362887567544,0.0154537917039155,-0.802677684583609
Tpr_TRINITY_DN11385_c1_g11|Tdu_TRINITY_DN22111_c8_g1,1.15428400064253,7.63305676924623,6.1263356355514,0.000104049966116232,0.0037165738597455204,1.31481509021671
Tpr_TRINITY_DN14202_c0_g5|Tdu_TRINITY_DN13137_c0_g1,2.55053776608665,3.7764541018374,4.92112446064559,0.000574539068567362,0.0109923762172427,0.0860377214900145
Tpr_TRINITY_DN9258_c0_g1|Tdu_TRINITY_DN19858_c5_g1,2.61230306210797,2.4758295619955804,4.11111807061854,0.00203336832860031,0.0236714765801206,-1.06629801963938
Tpr_TRINITY_DN12852_c0_g4|Tdu_TRINITY_DN21636_c1_g3,1.08179925396809,5.943543680855888,4.1188690202053495,0.00200807019012084,0.0234791997011067,-1.56969191438274
Tpr_TRINITY_DN11931_c1_g4|Tdu_TRINITY_DN21982_c0_g1,2.41375186407131,4.59142471690608,5.9245066929368,0.000136580597483173,0.00431494791705956,1.4222579449925
Tpr_TRINITY_DN7617_c0_g1|Tdu_TRINITY_DN19331_c3_g6,3.37592974157801,2.3433343623952902,4.74071141942498,0.0007552865519838518,0.0130245160362931,-0.201219478471576
Tpr_TRINITY_DN13243_c1_g5|Tdu_TRINITY_DN17599_c0_g2,2.0700000079651297,5.737580933807192,5.19047371748509,0.00038524424058040697,0.00862679193303057,0.20174046140604496
Tpr_TRINITY_DN11337_c1_g13|Tdu_TRINITY_DN17247_c1_g2,2.09660176886405,4.01218750726523,4.34884598932483,0.00139004850674252,0.0190735002619339,-0.789689350048032
Tpr_TRINITY_DN10831_c3_g1|Tdu_TRINITY_DN22528_c2_g2,1.74640890050883,4.04303931644422,3.48607000506343,0.00571589106285008,0.0445984068240472,-2.2048973021552203
Tpr_TRINITY_DN13996_c0_g2|Tdu_TRINITY_DN19249_c2_g2,1.63800432863555,6.57053368043087,4.1427578195971,0.0019321584146094399,0.022959922338843,-1.60615062686054
Tpr_TRINITY_DN2367_c0_g1|Tdu_TRINITY_DN12144_c0_g1,1.44077319958697,6.70848369897109,6.3356606368323805,7.892358045400141e-05,0.0033273988855745604,1.6940040860965202
Tpr_TRINITY_DN11257_c0_g1|Tdu_TRINITY_DN22117_c0_g2,0.655781057161745,8.282225450054211,3.62938564380674,0.00449236937810033,0.0389970722746133,-2.65873368955384
Tpr_TRINITY_DN9986_c0_g1|Tdu_TRINITY_DN21942_c2_g1,1.54693806083026,5.28546726686615,3.57534614579853,0.0049182825081554105,0.0409635966694364,-2.33809240229765
Tpr_TRINITY_DN10450_c6_g2|Tdu_TRINITY_DN15062_c0_g1,1.66087505386026,6.919741451429942,5.94807539890604,0.000132272219423881,0.0042608653493933606,1.13762331385654
Tpr_TRINITY_DN11029_c5_g5|Tdu_TRINITY_DN25330_c0_g1,1.18354844554055,6.28016360005951,4.36379319650527,0.0013575460357197302,0.0188063501770431,-1.21360693395354
Tpr_TRINITY_DN11390_c1_g13|Tdu_TRINITY_DN21750_c1_g9,1.86443617346385,3.95576358645848,4.58575588054544,0.0009588460966814539,0.0154537917039155,-0.4395016993095751
Tpr_TRINITY_DN9938_c0_g1|Tdu_TRINITY_DN24216_c3_g1,0.7233125289419641,8.85561357296739,4.49711641389652,0.00110076450358773,0.0165963009084157,-1.22360113286317
Tpr_TRINITY_DN9598_c0_g1|Tdu_TRINITY_DN13747_c0_g1,3.68231229537517,3.69245336951224,6.04445407846224,0.000116114316149925,0.00396889167483189,1.5151877460026597
Tpr_TRINITY_DN12715_c2_g4|Tdu_TRINITY_DN16681_c0_g1,0.6212387868033579,7.9166279565525315,3.58877651089234,0.0048086650887149,0.040636063187701,-2.70522590742347
Tpr_TRINITY_DN11459_c2_g2|Tdu_TRINITY_DN17060_c4_g3,1.29546097001882,6.221090263724871,4.15380795549591,0.0018980696942691,0.0227569761102129,-1.54725090111758
Tpr_TRINITY_DN12011_c2_g3|Tdu_TRINITY_DN20967_c0_g1,0.946992381397536,6.32731918727236,4.41030132514987,0.00126144421353954,0.0180036370761578,-1.15151591949527
Tpr_TRINITY_DN11923_c1_g1|Tdu_TRINITY_DN25222_c3_g1,2.64803234091077,6.5955026054371295,8.81564350514491,4.43674142065137e-06,0.00081851614886728,4.70475165518742
Tpr_TRINITY_DN15754_c1_g2|Tdu_TRINITY_DN19379_c2_g4,1.44226279085083,5.06921929208142,3.3960054919013,0.0066568014196780895,0.0494848973004986,-2.5942396332943702
Tpr_TRINITY_DN15775_c2_g12|Tdu_TRINITY_DN20567_c6_g3,0.949258675476362,6.17308858923609,3.82850216987622,0.0032264475968762,0.031424153199929,-2.09507586700425
Tpr_TRINITY_DN7350_c0_g1|Tdu_TRINITY_DN19612_c6_g2,1.17626645462326,5.246753405056469,4.128700921188081,0.0019764547201015802,0.0232564616269841,-1.42408412543859
Tpr_TRINITY_DN10627_c8_g1|Tdu_TRINITY_DN24821_c1_g2,3.35867994156596,3.90041232829515,6.99066764739753,3.44660498815687e-05,0.00215978270390674,2.64477709038964
Tpr_TRINITY_DN11814_c0_g1|Tdu_TRINITY_DN23059_c1_g1,1.83261504217711,5.33282418751761,5.3889367175898215,0.000288881789519232,0.00720424902438378,0.5488072720711761
Tpr_TRINITY_DN9331_c0_g1|Tdu_TRINITY_DN21215_c2_g2,4.9847447514285,3.0693757237405004,5.36950724771151,0.00029706506619946003,0.007329920359102059,0.624590465543589
Tpr_TRINITY_DN10985_c4_g2|Tdu_TRINITY_DN18337_c1_g1,0.9924026656709972,8.43362660447368,5.160687453290491,0.00040244820995837595,0.00886823376943993,-0.154092543577302
Tpr_TRINITY_DN15512_c0_g1|Tdu_TRINITY_DN24126_c3_g1,0.727215396177549,7.119822387513222,3.76337440925681,0.00359359180620955,0.0339507654624344,-2.33350379510716
Tpr_TRINITY_DN10127_c0_g1|Tdu_TRINITY_DN18467_c7_g3,3.7442153973607497,4.080513769088061,7.20508398557346,2.6581253156890397e-05,0.00185398462236015,2.8687934544447296
Tpr_TRINITY_DN13119_c2_g3|Tdu_TRINITY_DN23432_c2_g1,0.8697435680028801,7.26894863048296,3.9602517362928302,0.00259844827775853,0.0272803058061533,-2.01371943800254
Tpr_TRINITY_DN11447_c0_g2|Tdu_TRINITY_DN12467_c0_g1,1.71467609506202,5.5755725449587,3.70871516599833,0.0039352541440328785,0.0359003667685273,-2.15354225093882
Tpr_TRINITY_DN13111_c3_g11|Tdu_TRINITY_DN22350_c0_g1,1.62310272059487,8.906113840613001,7.74108059635812,1.42107599507854e-05,0.0014248063195656199,3.3528221507252995
Tpr_TRINITY_DN12367_c0_g6|Tdu_TRINITY_DN4707_c0_g1,1.4329343351282702,4.68842967775232,3.53153106540269,0.00529424659225591,0.0425204653558781,-2.27965840038327
Tpr_TRINITY_DN14001_c2_g1|Tdu_TRINITY_DN22733_c1_g2,1.44886692375007,5.0378178996912695,5.07602300381783,0.0004559766584671151,0.009499711110557741,0.116371302700291
Tpr_TRINITY_DN12699_c2_g5|Tdu_TRINITY_DN20484_c1_g6,2.53417072213096,4.1401746159582,3.91841492559879,0.00278270694746428,0.0284332387587401,-1.47387926287252
Tpr_TRINITY_DN14866_c3_g2|Tdu_TRINITY_DN16840_c4_g8,0.795616240968999,7.79602663071357,3.90807904872016,0.00283030031194351,0.0286167982401914,-2.1491437344633098
Tpr_TRINITY_DN10918_c5_g12|Tdu_TRINITY_DN14998_c0_g1,2.19244380248221,5.78982225869195,6.2402354447057,8.945716790721e-05,0.00349684517794828,1.70079993272046
Tpr_TRINITY_DN12265_c2_g1|Tdu_TRINITY_DN19414_c0_g1,1.5732531648787502,4.66745594655608,4.0188974567319,0.00236138091487889,0.0256648188594087,-1.4733165737795402
Tpr_TRINITY_DN2723_c0_g1|Tdu_TRINITY_DN14069_c0_g1,1.4111695491428995,4.79448699830835,3.7060451073483103,0.00395278623380134,0.0359724845807086,-2.01784513470538
Tpr_TRINITY_DN13383_c3_g5|Tdu_TRINITY_DN18629_c4_g2,1.61751847902971,8.30452650177597,5.4173278751339815,0.000277354419724966,0.0069742799225750215,0.253939826144695
Tpr_TRINITY_DN10315_c2_g8|Tdu_TRINITY_DN24925_c3_g1,0.8443490126072329,6.22698357149272,3.68487830791126,0.00409467825610615,0.0368199711796271,-2.34966772993144
Tpr_TRINITY_DN8516_c0_g1|Tdu_TRINITY_DN18571_c8_g1,3.79838652297073,3.97274667099126,7.31516711741031,2.33112705809775e-05,0.0017721644642361399,2.94995071152729
Tpr_TRINITY_DN10987_c6_g1|Tdu_TRINITY_DN18686_c0_g2,1.88375364351118,4.89878304423592,4.63417712618612,0.0008896213130727631,0.0147736077684402,-0.509504358787279
Tpr_TRINITY_DN12896_c8_g3|Tdu_TRINITY_DN18760_c3_g7,1.64517936164153,4.29207549774064,4.2691720142018905,0.0015777010472934599,0.0202705404566221,-0.983748206961698
Tpr_TRINITY_DN12251_c1_g7|Tdu_TRINITY_DN18011_c1_g1,4.3695267157169,5.843076512924888,4.010830448908919,0.00239259960605742,0.0259338397840359,-1.47159151994855
Tpr_TRINITY_DN9907_c0_g1|Tdu_TRINITY_DN20772_c5_g1,0.958771921243612,5.04203178314836,3.5075099237007303,0.0055128726948719,0.043522393588157016,-2.43185085430069
Tpr_TRINITY_DN9991_c0_g1|Tdu_TRINITY_DN20724_c0_g1,3.2955359850509303,3.08012384481578,4.53954518610012,0.00103024555149697,0.0158306505144774,-0.452740645557685
Tpr_TRINITY_DN13261_c2_g6|Tdu_TRINITY_DN23386_c1_g1,1.18267109655385,4.746761014583661,3.47812146504772,0.005793107299957321,0.0449506873554063,-2.4014621914614502
Tpr_TRINITY_DN14530_c6_g1|Tdu_TRINITY_DN22048_c2_g1,3.2069952897393703,6.56070855165235,6.998958800435929,3.4118101447093104e-05,0.00215481332052861,2.63988873711746
Tpr_TRINITY_DN7585_c0_g1|Tdu_TRINITY_DN12699_c0_g1,3.36765762981055,2.7376332842939104,4.7919694729335305,0.000698482729828758,0.0123132526944098,-0.11984750230603998
Tpr_TRINITY_DN6441_c0_g1|Tdu_TRINITY_DN20154_c4_g1,1.1001294385103,5.312635765115,3.75876559434976,0.0036211702810862,0.0340828683922424,-2.05731630410103
Tpr_TRINITY_DN14286_c1_g1|Tdu_TRINITY_DN17848_c10_g1,1.02609191515126,7.939707351127058,5.21275233924361,0.000372889983159349,0.00853517213032466,-0.0464827454240107
Tpr_TRINITY_DN14285_c2_g2|Tdu_TRINITY_DN19192_c7_g4,2.34724092543006,5.6498157158971285,7.793090176129861,1.3395669592299499e-05,0.00140222003796844,3.64494881580545
Tpr_TRINITY_DN11882_c5_g1|Tdu_TRINITY_DN20439_c4_g1,0.995954059298444,5.13491486075332,3.45560923303738,0.00601770552819677,0.0462739011368753,-2.53710001179133
Tpr_TRINITY_DN11458_c1_g5|Tdu_TRINITY_DN21505_c3_g2,0.951675397024456,7.605460286667402,4.1256774500125895,0.00198612095929237,0.0232564616269841,-1.76561180878169
Tpr_TRINITY_DN10607_c0_g2|Tdu_TRINITY_DN18143_c5_g1,0.970218010382648,6.00918617610733,3.4415787802808,0.0061622141871836,0.0470286584161747,-2.72722630441256
Tpr_TRINITY_DN38147_c0_g1|Tdu_TRINITY_DN23461_c0_g3,6.35990904552888,3.60063408817479,6.75229533347695,4.63059537306611e-05,0.00245973546273929,2.18054380770917
Tpr_TRINITY_DN3703_c0_g2|Tdu_TRINITY_DN13291_c0_g1,1.29877984023141,5.10577557799849,3.7280325900441897,0.00381079798274862,0.0350532231876453,-2.06030761791656
Tpr_TRINITY_DN13914_c0_g1|Tdu_TRINITY_DN19947_c6_g2,0.966001789473231,6.56301649528967,4.715822209215389,0.000784618143404422,0.0133902598473338,-0.6898270026853751
Tpr_TRINITY_DN13384_c0_g3|Tdu_TRINITY_DN20981_c0_g1,1.53912637653537,7.25213786575886,3.61025566877632,0.00463858966193236,0.0398352544736183,-2.59173709283456
Tpr_TRINITY_DN14416_c0_g4|Tdu_TRINITY_DN19856_c1_g1,1.36328859985717,7.901746634968362,6.2469059457982015,8.86737165316508e-05,0.00349684517794828,1.46751763669146
Tpr_TRINITY_DN12597_c4_g1|Tdu_TRINITY_DN16847_c0_g1,0.621256749644292,7.634600089067532,3.4167392760609703,0.00642689884327428,0.0484039019923972,-2.979851248318
Tpr_TRINITY_DN11034_c4_g7|Tdu_TRINITY_DN16298_c0_g1,3.89222586471758,3.5335387078040896,3.86041693723171,0.00306103343212835,0.0302204325298685,-1.4437664516925002
Tpr_TRINITY_DN14812_c6_g1|Tdu_TRINITY_DN18861_c1_g1,2.35763811164763,3.39612277750242,4.53219274486982,0.00104211488653838,0.0159806116655629,-0.462376255656133
Tpr_TRINITY_DN10182_c0_g1|Tdu_TRINITY_DN21868_c1_g1,4.04723064816417,3.37644065972666,4.93018277596177,0.0005667721351325348,0.0109018688151033,0.0822511152702639
Tpr_TRINITY_DN11613_c1_g3|Tdu_TRINITY_DN16092_c0_g1,1.53810090893264,5.85876505991711,5.86377178617037,0.000148392792176359,0.00446073643512765,1.14293498464126
Tpr_TRINITY_DN11444_c1_g1|Tdu_TRINITY_DN24995_c2_g1,2.04289895991139,3.61983464194877,3.7672561326357,0.0035705338913544203,0.0337727032341436,-1.65018862440205
Tpr_TRINITY_DN13639_c1_g1|Tdu_TRINITY_DN23161_c1_g3,2.03412786497075,3.965745703434549,5.083520793523861,0.000450943183226705,0.00947229612371652,0.29694945476511897
Tpr_TRINITY_DN12034_c11_g1|Tdu_TRINITY_DN18075_c3_g1,1.27039907820868,6.58948118148103,6.13280168832874,0.000103156412934908,0.0037165738597455204,1.42351506046997
Tpr_TRINITY_DN15001_c4_g2|Tdu_TRINITY_DN22070_c0_g1,1.03008452069007,7.8939949968129515,4.94482242654178,0.0005544546978093492,0.0107943716774971,-0.458438314418761
Tpr_TRINITY_DN10355_c0_g1|Tdu_TRINITY_DN26015_c0_g1,2.21619647367083,6.52666656104519,3.40317652263734,0.00657634277214118,0.0491750851967153,-2.831270422649
Tpr_TRINITY_DN11006_c4_g6|Tdu_TRINITY_DN14066_c0_g1,0.869731503369299,7.84359107788303,3.413233554746629,0.00646518857273236,0.0484647453662488,-2.99980921559587
Tpr_TRINITY_DN11343_c6_g1|Tdu_TRINITY_DN15656_c0_g1,0.7420518122923191,8.770768278030731,4.07830002268168,0.0021442476985327,0.0243622584488728,-1.91455497994239
Tpr_TRINITY_DN9625_c0_g1|Tdu_TRINITY_DN14576_c0_g1,1.28768682825969,4.3731805992712,3.4441406306260496,0.0061355631723242,0.0468698592430595,-2.37804878894497
Tpr_TRINITY_DN13674_c1_g4|Tdu_TRINITY_DN21266_c1_g2,2.51539867223838,4.54970244883829,4.07814024746881,0.00214480277746046,0.0243622584488728,-1.28000729018716
Tpr_TRINITY_DN13868_c2_g2|Tdu_TRINITY_DN18130_c1_g1,1.42331440531274,5.45314991258472,4.93224752867714,0.0005650174155974848,0.0109018688151033,-0.175010746187676
Tpr_TRINITY_DN10662_c0_g1|Tdu_TRINITY_DN18834_c3_g2,0.7477648564219649,7.523007740665362,3.45889417935964,0.0059843800937719,0.0460659431210599,-2.89606712000423
Tpr_TRINITY_DN13566_c3_g3|Tdu_TRINITY_DN24666_c2_g1,1.1486091415851798,6.56948444075873,5.50070690889376,0.00024625458558491,0.00651883838606126,0.5175604246347071
Tpr_TRINITY_DN9991_c1_g1|Tdu_TRINITY_DN20724_c0_g2,1.62314717175918,4.7432781735436,5.258007733401,0.000349076914368715,0.00816310766808007,0.4452946276130549
Tpr_TRINITY_DN9825_c0_g1|Tdu_TRINITY_DN16259_c0_g1,4.23570460605902,4.41104131545763,7.11990501060274,2.945163391538729e-05,0.0019851391229859,2.79188683717658
Tpr_TRINITY_DN15381_c1_g1|Tdu_TRINITY_DN18642_c1_g1,4.87605818378355,2.07845689982809,7.065734581355112,3.1450302270383804e-05,0.0020280399141486107,2.43224356885186
Tpr_TRINITY_DN14005_c2_g1|Tdu_TRINITY_DN25223_c0_g1,2.03648847336541,6.02980683139194,7.99718959334138,1.06538459725612e-05,0.0012530982482742699,3.84027374859232
Tpr_TRINITY_DN6470_c0_g1|Tdu_TRINITY_DN17488_c5_g5,4.44028796894741,3.43173727427187,4.1924106482092895,0.0017838608296871698,0.0216834370438797,-0.9467194992349468
Tpr_TRINITY_DN3629_c0_g1|Tdu_TRINITY_DN17640_c0_g3,0.987456898881923,5.26989039608903,3.75427070883414,0.0036482794012629,0.0341456815373743,-2.06135882784343
Tpr_TRINITY_DN10638_c4_g6|Tdu_TRINITY_DN19402_c1_g1,1.86672721354149,5.24248866654213,5.82964859028748,0.0001555065854088,0.00453570298750539,1.19673240994076
Tpr_TRINITY_DN12546_c0_g9|Tdu_TRINITY_DN19786_c1_g2,1.6917112545357902,5.41993002301962,3.440811917436,0.006170215100756629,0.0470449575315294,-2.58061626680443
Tpr_TRINITY_DN10010_c0_g1|Tdu_TRINITY_DN19621_c0_g1,1.53441168289512,8.37837321819777,4.75356395455562,0.000740597531644517,0.0128578632063218,-0.779995656296643
Tpr_TRINITY_DN12854_c0_g1|Tdu_TRINITY_DN25298_c1_g1,2.78611684759194,4.198767461021459,5.50114249096091,0.000246102268748008,0.00651883838606126,0.88219897509955
Tpr_TRINITY_DN11344_c0_g11|Tdu_TRINITY_DN17039_c4_g3,1.70864947245967,4.454262514844781,4.87373888111967,0.0006170560448740322,0.0113779460596198,-0.0837414548471811
Tpr_TRINITY_DN13773_c2_g1|Tdu_TRINITY_DN19595_c2_g1,1.27592579269273,4.732122162922001,3.52983186163476,0.0053094127377649,0.0425867995696123,-2.31639551713216
Tpr_TRINITY_DN11579_c0_g1|Tdu_TRINITY_DN14362_c0_g1,0.96257115772224,6.128582891075388,3.95003128627884,0.00264225029023913,0.0275240124389715,-1.8824647326893704
Tpr_TRINITY_DN10344_c0_g1|Tdu_TRINITY_DN19161_c0_g4,1.87375206041872,5.373346997543369,6.26932663869,8.609405247615642e-05,0.00345280197455625,1.7821178085303
Tpr_TRINITY_DN14437_c0_g2|Tdu_TRINITY_DN25547_c3_g1,4.22631306971874,2.145145510721,5.53815421675002,0.00023352085007970498,0.006327941684085511,0.80438633929417
Tpr_TRINITY_DN10825_c1_g13|Tdu_TRINITY_DN23239_c1_g2,2.7815455025516003,4.3801991642606914,5.91842393647573,0.000137716826675882,0.00431494791705956,1.43206664686196
Tpr_TRINITY_DN13445_c4_g4|Tdu_TRINITY_DN19097_c5_g1,1.66127445196273,4.17317609573614,3.92992788995289,0.0027306771810531602,0.0281571712332519,-1.50282482312107
Tpr_TRINITY_DN14887_c4_g2|Tdu_TRINITY_DN21664_c5_g1,2.42076701374859,4.980398293030991,6.24845013210879,8.849340599788441e-05,0.00349684517794828,1.82354689883612
Tpr_TRINITY_DN10972_c9_g2|Tdu_TRINITY_DN18076_c6_g1,1.21684398325909,5.7861754984542415,4.19429390652092,0.00177847731764205,0.0216795844449953,-1.41418734837976
Tpr_TRINITY_DN14793_c4_g1|Tdu_TRINITY_DN19040_c5_g1,2.10940971912005,5.3296153050531,7.62619135798534,1.6208273935962694e-05,0.00150352783334394,3.4713871379205203
Tpr_TRINITY_DN10375_c3_g2|Tdu_TRINITY_DN21522_c2_g1,1.73899626832111,5.38378520520628,3.45189231251252,0.00605564447126748,0.0463919047794045,-2.5554380448805603
Tpr_TRINITY_DN12680_c2_g3|Tdu_TRINITY_DN16005_c0_g2,1.42843655984758,4.95443987316544,4.27159946839857,0.00157160588608496,0.020266641177311,-1.1284324974233102
Tpr_TRINITY_DN13191_c2_g1|Tdu_TRINITY_DN18004_c6_g3,2.5382651983285203,4.31506488882098,5.549682142183388,0.00022974415290726293,0.00624670457786155,0.9327076785106668
Tpr_TRINITY_DN3699_c0_g1|Tdu_TRINITY_DN15444_c0_g1,1.8072313822969,3.46825498508379,3.90407379095379,0.0028489712965265607,0.0286720185312918,-1.4298308056571498
Tpr_TRINITY_DN10760_c8_g9|Tdu_TRINITY_DN44714_c0_g1,2.07507295971876,4.06471868811257,4.044816629821431,0.00226393295250008,0.025012405250693,-1.2721802755872098
Tpr_TRINITY_DN10092_c0_g1|Tdu_TRINITY_DN21387_c3_g2,0.834442140251832,8.32692252593194,4.97045343217991,0.0005335699786656992,0.0105673204910557,-0.446590801056011
Tpr_TRINITY_DN10719_c3_g4|Tdu_TRINITY_DN9415_c0_g1,1.52384901310905,8.1071367556302,6.689045714780768,5.0139065134236e-05,0.0025779835989853,2.05788399344516
Tpr_TRINITY_DN14505_c2_g4|Tdu_TRINITY_DN20359_c12_g1,1.13359327758059,5.20355018808474,3.50890520597894,0.00549992171678228,0.0435057910160855,-2.4564524250741
Tpr_TRINITY_DN11097_c4_g1|Tdu_TRINITY_DN19721_c2_g1,1.18174901654884,7.64153360910797,6.699335042583951,4.94928715334504e-05,0.00256117627464391,2.09376119803968
Tpr_TRINITY_DN32237_c0_g1|Tdu_TRINITY_DN18620_c3_g1,4.73154425190713,2.42820133558826,5.93458517746598,0.000134720080416185,0.00429865694261805,1.27890684752047
Tpr_TRINITY_DN10879_c3_g4|Tdu_TRINITY_DN10804_c0_g1,1.19620096356336,5.56878696472099,4.2080799087566,0.0017395850643826,0.0214655701704248,-1.35395891965655
Tpr_TRINITY_DN13205_c0_g4|Tdu_TRINITY_DN24596_c3_g2,1.5761714437623502,6.3146014703462185,6.2416053432302,8.92956674672798e-05,0.00349684517794828,1.61345977809757
Tpr_TRINITY_DN11810_c2_g8|Tdu_TRINITY_DN18465_c1_g3,1.5026693823561,3.99144627877782,3.7509656982861697,0.0036683470418960203,0.0342393093059859,-1.77551474501757
Tpr_TRINITY_DN13158_c2_g6|Tdu_TRINITY_DN23149_c0_g1,1.8872310658186295,11.155989854458499,6.4593729880052315,6.72107822404801e-05,0.00306305502472097,1.7095860678505803
Tpr_TRINITY_DN14456_c3_g6|Tdu_TRINITY_DN14619_c0_g1,3.92306701987856,3.31684296906597,4.13140821968981,0.00196784123232842,0.0232118448889797,-1.03570331902371
Tpr_TRINITY_DN10697_c4_g4|Tdu_TRINITY_DN6984_c0_g1,1.33467175244318,4.84272435492329,3.64861591183917,0.0043501981704862,0.0381869212196592,-2.13333022508045
Tpr_TRINITY_DN12761_c2_g1|Tdu_TRINITY_DN21645_c1_g3,1.33215561038568,6.72221428421214,4.95876211597634,0.000542990578985375,0.0107010502064906,-0.320020574238127
Tpr_TRINITY_DN12832_c3_g5|Tdu_TRINITY_DN9103_c0_g1,2.27796009166593,3.17062381693144,3.48332413653517,0.00574244488381243,0.0446327345476982,-2.04565976913424
Tpr_TRINITY_DN22568_c0_g1|Tdu_TRINITY_DN20359_c4_g1,4.18078827799208,5.1861291288698,6.52247337374471,6.19703650090963e-05,0.00294799350577376,2.19385923722096
Tpr_TRINITY_DN8336_c0_g1|Tdu_TRINITY_DN15337_c0_g1,1.17308122861484,5.5168477513156615,3.57507727265423,0.0049205032828337604,0.0409635966694364,-2.4037659812563903
Tpr_TRINITY_DN8608_c0_g1|Tdu_TRINITY_DN23782_c1_g2,1.15795535968306,4.7355152648284005,3.92721420093728,0.0027428486413357198,0.0282056268617357,-1.65471540848317
Tpr_TRINITY_DN12927_c1_g2|Tdu_TRINITY_DN16850_c0_g1,3.5374954936173304,3.8815247019808594,5.10716445354646,0.000435454514444937,0.00933898572289529,0.345819680941813
Tpr_TRINITY_DN13141_c3_g1|Tdu_TRINITY_DN20706_c5_g6,1.37498169301101,7.05203685470232,3.58360216895479,0.004850594605692421,0.040636063187701,-2.61861809328671
Tpr_TRINITY_DN14038_c1_g3|Tdu_TRINITY_DN19350_c5_g1,0.684511859861477,8.89053989663071,3.89084261143049,0.0029115703696445893,0.0291193340834405,-2.23476360134133
Tpr_TRINITY_DN11471_c1_g1|Tdu_TRINITY_DN22369_c4_g2,1.085070538586,8.96043938648994,6.63135713841232,5.39347394712003e-05,0.0026870220204875607,1.9433953233158097
Tpr_TRINITY_DN15174_c2_g1|Tdu_TRINITY_DN16768_c1_g1,0.96667293775686,6.87325489284644,4.76778902558305,0.000724692584440913,0.0126261584758238,-0.645739459369813
Tpr_TRINITY_DN15923_c4_g5|Tdu_TRINITY_DN18948_c1_g1,1.29596069269352,5.18185042159893,4.492735659291929,0.00110833092108283,0.0166143980004167,-0.821211223721308
Tpr_TRINITY_DN10818_c0_g6|Tdu_TRINITY_DN20222_c0_g3,3.12381653728298,5.0672659316471504,5.9153015316221715,0.000138304014633995,0.00431648444116448,1.39450655800377
Tpr_TRINITY_DN13446_c1_g1|Tdu_TRINITY_DN19974_c2_g1,1.02962532243023,5.21327875774663,3.67727013115524,0.00414696481262968,0.0371236660291325,-2.17919569836598
Tpr_TRINITY_DN8200_c0_g1|Tdu_TRINITY_DN14991_c0_g1,0.964160185330714,6.499846782334171,4.43241453817693,0.00121829492941972,0.0174811156151621,-1.13856506937015
Tpr_TRINITY_DN13960_c0_g3|Tdu_TRINITY_DN19656_c0_g1,1.43539768105239,4.972541296455571,4.56709913288316,0.000987020921009969,0.0155577005908255,-0.656370988789134
