Unnamed: 0,logFC,AveExpr,t,P.Value,adj.P.Val,B
Tpr_TRINITY_DN15383_c4_g16|Tdu_TRINITY_DN14160_c0_g1,1.00946162841349,5.00452567395647,3.5163796141076498,0.00591390724748734,0.0406767803898267,-2.53411567572083
Tpr_TRINITY_DN10334_c5_g3|Tdu_TRINITY_DN16861_c0_g1,2.36761715899145,4.54181358557106,5.1281677744184915,0.000503825109957441,0.00825911299810893,0.132213027347999
Tpr_TRINITY_DN10516_c1_g3|Tdu_TRINITY_DN19561_c1_g1,0.634217471573367,7.78285754519868,3.56141088723988,0.00549532613185966,0.0391073769935966,-2.9087884519588
Tpr_TRINITY_DN12437_c6_g1|Tdu_TRINITY_DN18152_c3_g1,0.999309540058649,5.97059014127192,4.04532044465721,0.00253508377103054,0.0234147490968196,-1.862780437623
Tpr_TRINITY_DN12896_c9_g2|Tdu_TRINITY_DN20213_c4_g1,2.76798620280738,3.58569295170554,5.05492138331951,0.000559041655771074,0.00873901670632998,0.140103736394178
Tpr_TRINITY_DN12096_c4_g4|Tdu_TRINITY_DN23701_c1_g1,2.09015629009392,5.7006172303976115,5.830149213990179,0.00019327940353425904,0.00454179065626943,0.918054259047227
Tpr_TRINITY_DN12403_c2_g9|Tdu_TRINITY_DN17638_c2_g2,0.710891569324167,7.53450263055242,3.31741214165583,0.00820031607864527,0.0496959640093065,-3.29721542150406
Tpr_TRINITY_DN11269_c3_g3|Tdu_TRINITY_DN24648_c1_g2,1.5728071390816298,7.11674803907542,9.452470730328939,3.53900576786298e-06,0.0005723474426143901,4.89062170489282
Tpr_TRINITY_DN9882_c0_g1|Tdu_TRINITY_DN13766_c0_g1,0.729450806128197,6.83653524378657,4.38233384055421,0.0015061005447525,0.0169703788157359,-1.46280377740041
Tpr_TRINITY_DN15403_c4_g2|Tdu_TRINITY_DN16791_c0_g3,2.95312128466206,5.1737944151266,7.339825818884949,3.06802129641697e-05,0.00148853174428513,2.89625298851304
Tpr_TRINITY_DN13435_c7_g5|Tdu_TRINITY_DN13665_c0_g1,1.25640825994197,5.4349161154865016,3.90629972726773,0.00315658405812431,0.0273165259633012,-1.97096811949716
Tpr_TRINITY_DN8416_c0_g1|Tdu_TRINITY_DN18640_c0_g1,0.813321999662189,8.24549702109831,5.64160712388796,0.000248314866118157,0.00530596118068021,0.311990909150192
Tpr_TRINITY_DN11621_c3_g1|Tdu_TRINITY_DN15535_c0_g1,2.9138929209252407,3.1324872853080694,3.4079564200793304,0.0070634680746578405,0.0450576060941824,-2.22469594750362
Tpr_TRINITY_DN9447_c0_g2|Tdu_TRINITY_DN23603_c4_g1,1.05991163862661,5.41664388240247,4.03086812986472,0.00259322525390442,0.0238183985458838,-1.77821303823605
Tpr_TRINITY_DN12756_c2_g3|Tdu_TRINITY_DN10422_c0_g1,2.53312225816707,2.7944916924875702,3.5004450796334,0.00606985851875181,0.0411405939194982,-2.06181094102984
Tpr_TRINITY_DN11189_c2_g1|Tdu_TRINITY_DN17328_c3_g3,1.11810924495284,5.866085937811331,4.53064645527572,0.00120370660702497,0.014686645110565,-1.06628927734403
Tpr_TRINITY_DN12650_c1_g1|Tdu_TRINITY_DN17647_c4_g1,1.07210111412804,5.22996745576022,4.1993357339156185,0.0019943631584162,0.0203080337415022,-1.4660339278746295
Tpr_TRINITY_DN13747_c1_g4|Tdu_TRINITY_DN21432_c0_g1,0.575894841676851,7.20091595827979,3.3161151798762,0.00821791055035555,0.0497660251243264,-3.2674982253125
Tpr_TRINITY_DN10283_c6_g2|Tdu_TRINITY_DN19734_c6_g1,1.77990132821239,5.86138602655988,6.046757781937949,0.000145801507487919,0.0037816692885545705,1.1689272245717
Tpr_TRINITY_DN12153_c0_g9|Tdu_TRINITY_DN22163_c4_g6,2.0430831752410703,4.10859754813943,4.7178066329591,0.0009112587440202279,0.0121619128166324,-0.408382871644816
Tpr_TRINITY_DN10137_c1_g1|Tdu_TRINITY_DN17299_c3_g6,2.4053002796201297,3.3448077389708297,4.14014827154621,0.00218613924386032,0.0214913903258164,-1.1433496347956
Tpr_TRINITY_DN9237_c0_g1|Tdu_TRINITY_DN23819_c5_g1,3.25565499854517,2.9364043427471103,4.195706939343831,0.00200559342884119,0.0203497684956155,-1.03514958680423
Tpr_TRINITY_DN13098_c0_g1|Tdu_TRINITY_DN17185_c0_g1,2.07806357679066,6.97148291836603,6.890497762557072,5.15327698334778e-05,0.00201441841510201,2.11731481069175
Tpr_TRINITY_DN12147_c2_g1|Tdu_TRINITY_DN20069_c2_g1,2.59967928405558,3.28859660049664,3.68493764127959,0.00449827931047594,0.0339760144256461,-1.82322793749604
Tpr_TRINITY_DN13676_c1_g6|Tdu_TRINITY_DN19073_c1_g2,0.9116666661841768,8.3246414376904,4.66998938926966,0.000977950613491206,0.0127628744621447,-1.13924340563181
Tpr_TRINITY_DN13089_c0_g2|Tdu_TRINITY_DN15955_c0_g1,0.8147106234595841,10.046100588274,4.07491187052242,0.0024202836488056,0.0227424547735308,-2.1521358125708003
Tpr_TRINITY_DN10394_c1_g4|Tdu_TRINITY_DN24715_c2_g1,3.0281854217940096,2.45910761682704,4.80438991418937,0.000802531300846403,0.0112764534401723,-0.20724039113129106
Tpr_TRINITY_DN11281_c1_g14|Tdu_TRINITY_DN24678_c3_g1,0.671216530113028,7.22290079061465,3.8152767130693297,0.0036488163165753,0.0297083203869361,-2.43160425974986
Tpr_TRINITY_DN13524_c1_g2|Tdu_TRINITY_DN17543_c3_g1,0.8198496187858829,5.9888279770606605,3.6432028797924714,0.00481212950782223,0.0357689411079783,-2.5314502804864
Tpr_TRINITY_DN13383_c3_g4|Tdu_TRINITY_DN16086_c0_g1,2.14292397453798,3.7806125790761698,4.477408060451991,0.00130407696003586,0.0155433912808898,-0.702702695834727
Tpr_TRINITY_DN8866_c0_g1|Tdu_TRINITY_DN13618_c0_g1,2.47503599743544,3.65165949246578,4.63350924577634,0.0010323224971976802,0.0132833010247839,-0.452835875271591
Tpr_TRINITY_DN12775_c0_g5|Tdu_TRINITY_DN22675_c1_g3,3.7049163568530297,5.371499949411381,5.59224256765221,0.000265366209236809,0.00544462809399304,0.7603970626457758
Tpr_TRINITY_DN12738_c6_g4|Tdu_TRINITY_DN24536_c2_g1,0.768165100308507,7.64967577883407,3.753473613538561,0.00402846750177319,0.0315181926608437,-2.5741794061573904
Tpr_TRINITY_DN14835_c1_g1|Tdu_TRINITY_DN21687_c1_g1,2.65463785257771,6.67138139122172,13.2296682414959,1.7290537189655e-07,0.00012171956477708899,7.979005938040179
Tpr_TRINITY_DN11103_c2_g2|Tdu_TRINITY_DN25343_c1_g1,4.41303995245067,4.36517929253591,6.85385204709625,5.38150801681797e-05,0.00205493880197753,2.30765301672327
Tpr_TRINITY_DN10380_c0_g4|Tdu_TRINITY_DN24456_c0_g1,1.50660086608001,7.2449539525456,7.96385378124655,1.5494021387945198e-05,0.0009983960031857179,3.33250849836378
Tpr_TRINITY_DN10332_c2_g1|Tdu_TRINITY_DN19537_c3_g3,0.7299324535028691,9.255061092858382,3.53788589993533,0.00571000669803078,0.0400441141616967,-3.0236341480331896
Tpr_TRINITY_DN14769_c3_g5|Tdu_TRINITY_DN19712_c3_g3,1.92554618054541,4.01353707204013,3.3841433142541004,0.00734565434449309,0.0461790831047096,-2.43913479356084
Tpr_TRINITY_DN14148_c1_g5|Tdu_TRINITY_DN19649_c7_g1,2.47102262508352,3.60450718409563,4.24145995352694,0.0018687588027657,0.0194439442496686,-1.01793735094394
Tpr_TRINITY_DN14994_c5_g3|Tdu_TRINITY_DN19259_c2_g2,1.03301471751283,4.87796442021682,3.50394664837754,0.0060352258116114395,0.0410037417579664,-2.51639650018364
Tpr_TRINITY_DN13540_c1_g1|Tdu_TRINITY_DN15325_c0_g1,0.8344868249438231,6.211521829657509,4.09474459400022,0.00234642122686434,0.022399632267566003,-1.82862086987352
Tpr_TRINITY_DN12438_c3_g1|Tdu_TRINITY_DN14274_c0_g1,1.10605779975883,5.36334133527711,4.15841743030672,0.00212494649238495,0.0210402865176363,-1.55760930201797
Tpr_TRINITY_DN12870_c3_g2|Tdu_TRINITY_DN16060_c0_g2,2.8867527185960697,3.5570647495795296,4.91221139533003,0.000686126179004472,0.0100876447850782,-0.0524217345577203
Tpr_TRINITY_DN10314_c5_g3|Tdu_TRINITY_DN23037_c0_g2,1.09228040995738,7.00123521857252,5.757721906905591,0.00021268466750943798,0.0047669107000485,0.5835251296098131
Tpr_TRINITY_DN13802_c1_g2|Tdu_TRINITY_DN24520_c1_g1,0.869095576628122,7.425454848557742,4.94901857995079,0.000650635536899117,0.009686718246108159,-0.644516219320247
Tpr_TRINITY_DN11471_c4_g2|Tdu_TRINITY_DN19361_c4_g1,1.39226469780863,5.4255573481467305,5.238728416512339,0.000431261011257049,0.0073803042090629795,0.092328451247873
Tpr_TRINITY_DN11464_c3_g7|Tdu_TRINITY_DN17181_c1_g1,2.16303404445351,3.86022708380027,4.67093707923265,0.000976579452935811,0.0127628744621447,-0.435250449044419
Tpr_TRINITY_DN11233_c0_g2|Tdu_TRINITY_DN23888_c4_g1,0.9442511209050072,5.992165319910071,4.48522231893058,0.00128880405565892,0.0154183793047015,-1.1668514834911898
Tpr_TRINITY_DN9485_c0_g1|Tdu_TRINITY_DN19447_c0_g1,1.81656976608236,3.89572398461246,3.3323012114750297,0.00800109936984892,0.0488917537817119,-2.51712363643051
Tpr_TRINITY_DN11620_c2_g9|Tdu_TRINITY_DN21606_c4_g2,1.3244954244199,6.14111717997826,6.36348484118891,9.76365349199093e-05,0.00291777586963555,1.5222044532953602
Tpr_TRINITY_DN10965_c8_g2|Tdu_TRINITY_DN16899_c0_g1,0.7233070023875559,6.42541897719775,3.7337626805808,0.00415807856638878,0.0322329248266679,-2.4581247753603903
Tpr_TRINITY_DN13339_c0_g16|Tdu_TRINITY_DN9941_c0_g1,1.30612086065362,4.6477078009114114,3.6013503878647595,0.00514989766352009,0.0373911583879522,-2.28802310942164
Tpr_TRINITY_DN11865_c0_g10|Tdu_TRINITY_DN3684_c0_g1,1.01835665504588,5.48660372582115,3.83333086989097,0.0035451368285001604,0.0292110774839854,-2.10757538255143
Tpr_TRINITY_DN11301_c4_g1|Tdu_TRINITY_DN21600_c2_g2,1.19425857647634,5.29114432890472,3.4033464260374098,0.0071172062764756905,0.0451906985129881,-2.76988224750932
Tpr_TRINITY_DN14658_c2_g1|Tdu_TRINITY_DN21922_c5_g1,0.787421897738199,6.6520228879553,3.7413343736221294,0.0041077812627167785,0.0319631885423472,-2.4782618021388503
Tpr_TRINITY_DN12686_c0_g2|Tdu_TRINITY_DN22342_c1_g6,1.6225756430425502,7.682089707501861,7.441822827335991,2.7360193841661895e-05,0.0013632840968747,2.701202121166029
Tpr_TRINITY_DN12542_c3_g1|Tdu_TRINITY_DN18635_c3_g1,1.0253593204988,5.37825272197949,3.76239606897731,0.00397119462264071,0.0312542111140654,-2.20568398428204
Tpr_TRINITY_DN13928_c3_g5|Tdu_TRINITY_DN18004_c5_g1,1.27477374851917,5.86021433935886,4.2189245399971,0.00193487805033225,0.019838575086475,-1.54709125506073
Tpr_TRINITY_DN9406_c0_g1|Tdu_TRINITY_DN16627_c0_g1,1.10104433250368,5.388574986318389,4.12055725409537,0.00225383274461643,0.021947594424553,-1.6204890604268405
Tpr_TRINITY_DN15971_c1_g2|Tdu_TRINITY_DN4106_c0_g1,1.60045434921451,6.91145772365127,8.45296274011362,9.32634430137958e-06,0.0008525819562818862,3.89834379053696
Tpr_TRINITY_DN12032_c2_g1|Tdu_TRINITY_DN14033_c0_g1,2.3518528473497,4.843305060982138,3.51860821801694,0.00589243044166247,0.0406419201549221,-2.3827423274095403
Tpr_TRINITY_DN12903_c1_g1|Tdu_TRINITY_DN19225_c5_g1,1.2065630706863102,5.9803632439275,4.40502704642641,0.00145503435631326,0.0166220545302933,-1.28016030602002
Tpr_TRINITY_DN11969_c5_g6|Tdu_TRINITY_DN23028_c3_g2,0.858707067227975,5.3187532629211,3.63921148360081,0.00484332056496278,0.0358389487036412,-2.40364529824362
Tpr_TRINITY_DN13192_c1_g3|Tdu_TRINITY_DN20250_c3_g1,1.01171943524796,12.6180211010952,4.26669095411809,0.0017975580561138398,0.01895941029006,-1.87627694436778
Tpr_TRINITY_DN11583_c2_g2|Tdu_TRINITY_DN22145_c4_g1,1.1910673334560702,7.53176229905117,5.4313243037668215,0.000330288984245095,0.00630688187448008,0.0681145331122535
Tpr_TRINITY_DN15226_c1_g2|Tdu_TRINITY_DN22501_c3_g4,1.6889626838641,4.12255212485106,4.07178131351327,0.00243216506506435,0.0228219538755982,-1.39394482240067
Tpr_TRINITY_DN9224_c0_g1|Tdu_TRINITY_DN20026_c2_g1,0.679970241436838,8.45534152418035,3.92026114722896,0.00308748441763337,0.0269476946842752,-2.35330933399884
Tpr_TRINITY_DN13564_c5_g8|Tdu_TRINITY_DN14384_c0_g1,1.47220893873921,5.16905429996108,3.3571924122486605,0.00767915775551712,0.0475283806482085,-2.81360000528785
Tpr_TRINITY_DN12019_c3_g4|Tdu_TRINITY_DN22016_c2_g1,1.5412744062885702,5.4204548695474815,6.188184398277531,0.00012170167665620801,0.0033459847635346697,1.4058106492084097
Tpr_TRINITY_DN13534_c4_g1|Tdu_TRINITY_DN21443_c1_g3,1.2680319126419,5.208383634162731,3.51852036616484,0.00589327552197949,0.0406419201549221,-2.55715751097084
Tpr_TRINITY_DN10907_c5_g5|Tdu_TRINITY_DN19091_c1_g2,1.86889432258,3.01690923067864,3.63846111607854,0.00484920789928026,0.0358389487036412,-1.8830172833783103
Tpr_TRINITY_DN11434_c1_g1|Tdu_TRINITY_DN18592_c2_g1,0.5479192345355071,7.31150564786389,3.3338952282394803,0.00798006993296319,0.0488638580601933,-3.25030845891583
Tpr_TRINITY_DN8861_c0_g1|Tdu_TRINITY_DN24415_c0_g1,1.80719965595907,3.46345945579599,4.0532609499890695,0.00250372563766506,0.0232553255174115,-1.30794200574758
Tpr_TRINITY_DN12174_c1_g5|Tdu_TRINITY_DN21713_c2_g2,3.72576170480456,4.1253111503358,3.35702353520559,0.00768129624200557,0.0475283806482085,-2.39631606910241
Tpr_TRINITY_DN14527_c0_g1|Tdu_TRINITY_DN44844_c0_g1,1.09951545703362,5.03352198982191,4.10561172427371,0.00230696136601536,0.0222808165654505,-1.57396695583976
Tpr_TRINITY_DN13712_c0_g1|Tdu_TRINITY_DN24271_c2_g1,2.62328031696861,6.09378080352895,10.4252821120564,1.48956036646003e-06,0.00037229981522916096,5.857309077254231
Tpr_TRINITY_DN11194_c1_g1|Tdu_TRINITY_DN20181_c4_g1,1.34691274324624,3.8919694925617496,3.6756201683640897,0.00456644327988431,0.0343963691072929,-1.99294006075329
Tpr_TRINITY_DN16025_c0_g2|Tdu_TRINITY_DN19120_c2_g2,0.933119669784739,5.81943703261596,4.32222962779821,0.00165075823254167,0.0178680497401624,-1.3900584903362
Tpr_TRINITY_DN10465_c2_g1|Tdu_TRINITY_DN23686_c4_g4,1.98669113653131,5.77824714446427,7.2721850381499005,3.31223607636645e-05,0.00155261773972462,2.71787493134076
Tpr_TRINITY_DN11218_c3_g7|Tdu_TRINITY_DN20818_c3_g2,1.49032411645558,7.03415234108816,5.78997718676619,0.000203794887506153,0.00463709512735469,0.639090908065062
Tpr_TRINITY_DN13740_c0_g7|Tdu_TRINITY_DN14734_c0_g1,3.08058345016252,2.87179911909074,4.089565614514069,0.00236547676271437,0.0225293906915336,-1.18648381495734
Tpr_TRINITY_DN12471_c5_g2|Tdu_TRINITY_DN17481_c1_g5,1.14187774486398,6.95643218182849,4.00247760217803,0.0027115702042549107,0.0244693993924448,-2.07728296412522
Tpr_TRINITY_DN11462_c1_g1|Tdu_TRINITY_DN18955_c5_g8,0.8495084782901859,6.29284168945163,3.61882279737054,0.00500597470179628,0.0366785842408475,-2.62475468493563
Tpr_TRINITY_DN11460_c4_g1|Tdu_TRINITY_DN22887_c2_g3,1.24886582457718,7.903515687158952,7.295297778349379,3.226489957719489e-05,0.00153827105036245,2.50307991130078
Tpr_TRINITY_DN11510_c8_g3|Tdu_TRINITY_DN15387_c0_g1,0.782634285958312,6.92910374721699,3.88186363548838,0.0032814667463875,0.0279891806868709,-2.28404999576227
Tpr_TRINITY_DN11540_c0_g3|Tdu_TRINITY_DN21238_c1_g2,2.4288339582212704,3.7891274362795495,3.45726583866934,0.00651431485086654,0.0429153904871783,-2.27067502870796
Tpr_TRINITY_DN11884_c0_g1|Tdu_TRINITY_DN19368_c5_g2,1.84288508915967,7.251166967805999,8.73445733446748,7.03590689517066e-06,0.000807228406862359,4.17081489033653
Tpr_TRINITY_DN7941_c0_g1|Tdu_TRINITY_DN3403_c0_g1,3.5533661915006696,2.46528772550242,5.59892532221498,0.000262985851413966,0.00540924514329774,0.772642047241952
Tpr_TRINITY_DN13825_c0_g1|Tdu_TRINITY_DN17725_c4_g1,1.1529556380107702,5.25221545732692,3.4909302152895703,0.00616501404330588,0.0414417569920024,-2.62340083746442
Tpr_TRINITY_DN12692_c3_g6|Tdu_TRINITY_DN18247_c2_g1,1.25092867713935,6.40690384039256,5.03046890812212,0.000578890460975057,0.00887488572885181,-0.384866643579254
Tpr_TRINITY_DN12102_c1_g1|Tdu_TRINITY_DN21809_c2_g1,2.7922740237581003,4.217895874877721,5.25106214889633,0.00042388964608915,0.00732328325203773,0.374021715449961
Tpr_TRINITY_DN12722_c5_g9|Tdu_TRINITY_DN18960_c2_g1,1.6148006353577,3.094506035486189,3.53146709835639,0.005770085748830671,0.0402152485375354,-2.06917388540549
Tpr_TRINITY_DN9453_c0_g3|Tdu_TRINITY_DN14642_c0_g1,0.75354733687912,6.76852695186282,3.63900148165728,0.00484496747407684,0.0358389487036412,-2.66644669762025
Tpr_TRINITY_DN15052_c1_g1|Tdu_TRINITY_DN18149_c4_g1,2.04242967971432,7.07679193530196,8.710937341521111,7.20154514535591e-06,0.000808483056561234,4.165865074574589
Tpr_TRINITY_DN14020_c1_g2|Tdu_TRINITY_DN17431_c2_g2,1.00004127054629,6.5579212352337,5.76105511815142,0.000211746928716702,0.00475882470859771,0.641166971174864
Tpr_TRINITY_DN13688_c2_g2|Tdu_TRINITY_DN17464_c11_g1,0.74061860300751,7.1147758159937,3.52809728395212,0.00580188973310634,0.0403490611455827,-2.89689803378874
Tpr_TRINITY_DN15482_c1_g1|Tdu_TRINITY_DN18591_c1_g2,1.35850354035741,6.5546779926079415,5.33291101150293,0.0003782715885034,0.0068420703113509715,0.0463563958293598
Tpr_TRINITY_DN11991_c2_g1|Tdu_TRINITY_DN23364_c2_g1,2.7726875460171603,4.7265610621578205,8.68738300461173,7.37170310322404e-06,0.000809874630893155,4.26572348289728
Tpr_TRINITY_DN14193_c0_g12|Tdu_TRINITY_DN3264_c0_g1,1.43230580445002,5.27678318199203,3.54793466105959,0.00561725615941868,0.0396472936359675,-2.52752494335363
Tpr_TRINITY_DN13597_c1_g1|Tdu_TRINITY_DN23746_c1_g2,1.10942509767117,4.98978041852846,4.13569003932464,0.0022013529035587198,0.0215418110328526,-1.51022387928602
Tpr_TRINITY_DN12156_c2_g2|Tdu_TRINITY_DN18887_c1_g1,0.945233526485246,5.41341019599184,3.45630353870395,0.00652459670693628,0.042948821738874994,-2.7243981300464903
Tpr_TRINITY_DN3455_c0_g1|Tdu_TRINITY_DN22731_c0_g1,4.58003327097761,3.2343088040856403,6.204148427265659,0.00011926450942435501,0.00328994539709725,1.47870898140688
Tpr_TRINITY_DN10408_c6_g1|Tdu_TRINITY_DN18753_c0_g1,0.7518513277722428,6.01212011402512,3.71312934548699,0.00429844023448905,0.0330723274758075,-2.42258823458291
Tpr_TRINITY_DN11356_c3_g1|Tdu_TRINITY_DN20874_c0_g2,2.02508823154388,3.0557699785099603,3.835276713193121,0.00353414842656225,0.0291717976760515,-1.58225543002669
Tpr_TRINITY_DN12060_c2_g6|Tdu_TRINITY_DN21070_c1_g3,1.99066763770318,5.586994578354652,8.325927807405241,1.06169075514971e-05,0.000884527812977257,3.90300200682702
Tpr_TRINITY_DN10863_c0_g1|Tdu_TRINITY_DN24708_c1_g1,1.33195865322714,11.033644903495901,4.607121262197071,0.0010736552001422198,0.0136246919663042,-1.31535222270239
Tpr_TRINITY_DN15873_c2_g6|Tdu_TRINITY_DN12575_c0_g1,1.0815073365765,4.80091410028504,3.8176852307332703,0.0036348030220429797,0.0296536650106929,-1.9856150241931496
Tpr_TRINITY_DN13070_c1_g3|Tdu_TRINITY_DN22189_c2_g3,1.09301610765226,5.1844711911688,3.99069550235974,0.00276234178321561,0.0247649945956113,-1.78854071939589
Tpr_TRINITY_DN11422_c2_g7|Tdu_TRINITY_DN21404_c1_g3,1.19099047183001,7.33321562636459,6.515992242554638,8.08648978617119e-05,0.0025851692928813893,1.57365805348263
Tpr_TRINITY_DN7154_c0_g1|Tdu_TRINITY_DN9576_c0_g1,1.3911616315296,4.77174511708086,3.371635726242,0.00749852365114793,0.0469716684572064,-2.69694084749478
Tpr_TRINITY_DN13781_c1_g4|Tdu_TRINITY_DN18374_c1_g1,1.86434135715899,4.128368201551879,3.84201344133363,0.00349638059183747,0.0289830624336437,-1.74113948504564
Tpr_TRINITY_DN14428_c1_g2|Tdu_TRINITY_DN17551_c2_g2,1.90600598768699,3.48287353400442,3.36439837331119,0.007588480593474721,0.0473089855895537,-2.37417552434528
Tpr_TRINITY_DN10648_c5_g2|Tdu_TRINITY_DN17353_c6_g1,1.28972005316649,6.81472821883505,6.33558000505101,0.000101094691644051,0.00296736304868374,1.3966959040921798
Tpr_TRINITY_DN12291_c2_g2|Tdu_TRINITY_DN21345_c2_g1,0.8315181062309599,5.935035350321421,3.5599895089093,0.00550805539919964,0.0391304400797576,-2.66120176984768
Tpr_TRINITY_DN11326_c2_g1|Tdu_TRINITY_DN23238_c0_g4,1.78346088606129,8.11354909691675,10.9060042474833,9.958789945561374e-07,0.000283241722313759,6.15722282360016
Tpr_TRINITY_DN10719_c4_g5|Tdu_TRINITY_DN22915_c4_g1,1.23611351427863,8.21404035545671,7.60213573739459,2.29056674023408e-05,0.0011882134888962699,2.8469402347382795
Tpr_TRINITY_DN2540_c0_g1|Tdu_TRINITY_DN20670_c2_g2,0.9223154989793232,6.52252452383067,4.42785312476702,0.00140551900579344,0.0162819111794724,-1.34166663801468
Tpr_TRINITY_DN13863_c4_g1|Tdu_TRINITY_DN9665_c0_g1,2.54967726536156,9.488506633882482,7.65223747294436,2.1680560282974806e-05,0.00116117702086998,2.8678367288139097
Tpr_TRINITY_DN12951_c0_g5|Tdu_TRINITY_DN15970_c0_g1,2.07603548264913,3.11025604942846,3.82130324702144,0.0036138585844370298,0.0296131330586473,-1.61157765884085
Tpr_TRINITY_DN19484_c0_g1|Tdu_TRINITY_DN16565_c7_g1,1.13292629016311,4.358964905491851,3.57495599760853,0.00537554840690263,0.0386889382723673,-2.27629384374681
Tpr_TRINITY_DN17581_c0_g1|Tdu_TRINITY_DN21221_c2_g1,1.37489609221401,5.56761126604701,4.52530468424708,0.0012133963627921,0.0147394597942699,-1.00680713233862
Tpr_TRINITY_DN8496_c0_g1|Tdu_TRINITY_DN21064_c6_g1,1.93572049777746,3.49147864021449,3.4918216084903,0.00615603399147481,0.0414417569920024,-2.1711695581487
Tpr_TRINITY_DN11385_c1_g11|Tdu_TRINITY_DN22111_c8_g1,1.05587960207477,7.58109605086589,6.18530480152128,0.0001221469996425,0.00334707127259582,1.11270026819245
Tpr_TRINITY_DN14202_c0_g5|Tdu_TRINITY_DN13137_c0_g1,2.3190360289813,3.66809501512001,5.6672688339211605,0.000239920314618316,0.00523508665336474,0.9370365843949692
Tpr_TRINITY_DN14470_c2_g3|Tdu_TRINITY_DN23075_c1_g3,0.8564215596352869,7.17610438455328,3.47709442330261,0.00630615743846987,0.0420053246576995,-2.9866434098813
Tpr_TRINITY_DN12852_c0_g4|Tdu_TRINITY_DN21636_c1_g3,1.19658337992517,6.000285276771638,5.62269661114658,0.000254703225928886,0.0053239326436675715,0.535118618876604
Tpr_TRINITY_DN11931_c1_g4|Tdu_TRINITY_DN21982_c0_g1,2.71577774858279,4.75940372046285,4.71406677291123,0.000916295825256984,0.0121931360739487,-0.46601149076092
Tpr_TRINITY_DN7617_c0_g1|Tdu_TRINITY_DN19331_c3_g6,3.53929632904528,2.43878473910029,5.19702433886399,0.00045722212447807,0.007664975777835621,0.29088341317196104
Tpr_TRINITY_DN13243_c1_g5|Tdu_TRINITY_DN17599_c0_g2,2.16972470442428,5.77711395275279,8.468118521128089,9.18418342774216e-06,0.0008525819562818862,4.03623901574871
Tpr_TRINITY_DN12054_c1_g7|Tdu_TRINITY_DN16876_c0_g1,1.6256869239007,4.77357594583379,3.4426902749171697,0.00667186865231392,0.0435016384539804,-2.55892922654496
Tpr_TRINITY_DN13996_c0_g2|Tdu_TRINITY_DN19249_c2_g2,1.52483398293449,6.51845309864974,7.63342294486063,2.2132046682148494e-05,0.00116878244968385,3.0312690246194203
Tpr_TRINITY_DN12013_c2_g7|Tdu_TRINITY_DN21823_c6_g2,0.991654593119612,6.370484749153251,4.41417216819503,0.00143497757598389,0.0164613282986302,-1.3385989624418797
Tpr_TRINITY_DN13363_c9_g1|Tdu_TRINITY_DN23964_c7_g1,0.7961635476383709,6.06043801649588,3.6852972484466,0.0044956699396758,0.0339760144256461,-2.47646524775713
Tpr_TRINITY_DN2367_c0_g1|Tdu_TRINITY_DN12144_c0_g1,1.3379551698769598,6.65417791579416,6.751516602721112,6.07900564938202e-05,0.00213360164238736,1.95265489041768
Tpr_TRINITY_DN10450_c6_g2|Tdu_TRINITY_DN15062_c0_g1,1.52242868745315,6.84562976285905,5.39545186159322,0.000346975000432706,0.00650603654373029,0.100733536324406
Tpr_TRINITY_DN11029_c5_g5|Tdu_TRINITY_DN25330_c0_g1,1.28644538989239,6.336548632132,4.67127340756498,0.0009760933306188028,0.0127628744621447,-0.917027152587528
Tpr_TRINITY_DN11390_c1_g13|Tdu_TRINITY_DN21750_c1_g9,1.3349945233473302,3.69053226586194,3.5630003074517704,0.00548112823774474,0.0390675975385038,-2.13642768944388
Tpr_TRINITY_DN14637_c3_g3|Tdu_TRINITY_DN22666_c1_g5,1.72392610255528,3.5739384154964102,3.40391088747809,0.00711060370359771,0.0451906985129881,-2.3349350732498
Tpr_TRINITY_DN9598_c0_g1|Tdu_TRINITY_DN13747_c0_g1,3.70705226694357,3.7194110833781298,6.6748958216841,6.665346259386851e-05,0.00226135202653902,2.06178011098573
Tpr_TRINITY_DN12945_c1_g3|Tdu_TRINITY_DN21281_c2_g1,2.27907668394006,6.50552837995468,8.45085075871678,9.346344592363421e-06,0.0008525819562818862,3.9539744933599503
Tpr_TRINITY_DN14062_c2_g1|Tdu_TRINITY_DN25386_c1_g1,1.4661882295056998,4.16308127030447,3.39230145088032,0.007247687297002009,0.0457296783396234,-2.5000811890569503
Tpr_TRINITY_DN12715_c2_g4|Tdu_TRINITY_DN16681_c0_g1,0.6095096361813289,7.9066541699531685,4.00365940659872,0.00270653207318823,0.0244566320548407,-2.18353531572942
Tpr_TRINITY_DN8418_c0_g1|Tdu_TRINITY_DN10827_c0_g1,4.29845908965489,2.5497845845689704,4.29536165658736,0.0017201224541399,0.0182829510331777,-0.891993148984116
Tpr_TRINITY_DN13240_c2_g1|Tdu_TRINITY_DN20804_c2_g9,1.8723152018785,4.37175596145107,3.8613889787954094,0.00339009906359284,0.0284451038418248,-1.78156346571777
Tpr_TRINITY_DN11459_c2_g2|Tdu_TRINITY_DN17060_c4_g3,1.4403118101272498,6.270518057161009,3.42426428987167,0.00687672152905411,0.0443465200716484,-2.92279759576537
Tpr_TRINITY_DN21342_c0_g1|Tdu_TRINITY_DN11748_c0_g1,3.07751142822789,2.31947609748728,3.95235483680326,0.0029346033578192604,0.0259149983889649,-1.37592601510951
Tpr_TRINITY_DN12011_c2_g3|Tdu_TRINITY_DN20967_c0_g1,0.98556360377789,6.34859339755806,4.30362499965503,0.00169846616865234,0.0181482136093748,-1.50988853069092
Tpr_TRINITY_DN11923_c1_g1|Tdu_TRINITY_DN25222_c3_g1,2.394927688417,6.464131417109232,8.484481361248982,9.033350907847181e-06,0.0008525819562818862,4.000422741951
Tpr_TRINITY_DN7350_c0_g1|Tdu_TRINITY_DN19612_c6_g2,1.1446602951882,5.241301965132831,3.81844287872195,0.003630406536627621,0.0296471218951531,-2.0742398781687297
Tpr_TRINITY_DN10627_c8_g1|Tdu_TRINITY_DN24821_c1_g2,3.5329167174245297,3.9677603279515896,6.0877808341979405,0.000138319601103738,0.0036449203511298212,1.44786210272005
Tpr_TRINITY_DN9331_c0_g1|Tdu_TRINITY_DN21215_c2_g2,5.3459188419241,3.240228103344549,6.828333304446192,5.54691040813677e-05,0.0020986659195556,2.117580942302
Tpr_TRINITY_DN10985_c4_g2|Tdu_TRINITY_DN18337_c1_g1,1.06366987207515,8.46665077181257,5.8052581294506505,0.00019972395830415802,0.00462880862066696,0.534100821881338
Tpr_TRINITY_DN15512_c0_g1|Tdu_TRINITY_DN24126_c3_g1,1.07274577497905,7.2920568379997395,3.49596966584746,0.00611442424711786,0.0413036619084587,-2.96251888670533
Tpr_TRINITY_DN10127_c0_g1|Tdu_TRINITY_DN18467_c7_g3,3.6026142065548505,4.00165646054043,5.2711512252174,0.00041217115641666404,0.007217808276273129,0.4270388105180661
Tpr_TRINITY_DN13119_c2_g3|Tdu_TRINITY_DN23432_c2_g1,0.9190449464811048,7.2901706666489,4.86853093421833,0.000730950059691405,0.0104867973347901,-0.7531012329007719
Tpr_TRINITY_DN11447_c0_g2|Tdu_TRINITY_DN12467_c0_g1,1.6311380954845198,5.536175541442961,3.7672885586623,0.0039401525647224786,0.0311585602625417,-2.18459298153885
Tpr_TRINITY_DN9718_c0_g1|Tdu_TRINITY_DN20481_c0_g1,0.5945278925132421,7.99032620891513,3.40512574783284,0.007096414866670759,0.0451871499139284,-3.1875752542467404
Tpr_TRINITY_DN13111_c3_g11|Tdu_TRINITY_DN22350_c0_g1,1.85023777374424,9.016565895705089,11.621107499145,5.62422417575484e-07,0.000206673961461748,6.72305382770013
Tpr_TRINITY_DN12367_c0_g6|Tdu_TRINITY_DN4707_c0_g1,1.34868291215718,4.631733209562441,3.5643642838587497,0.005468974645012711,0.0390675975385038,-2.33353308783912
Tpr_TRINITY_DN14077_c8_g3|Tdu_TRINITY_DN22827_c1_g1,1.10604387869496,5.28794649447211,3.4364368160348904,0.00674067279499259,0.0438267439358983,-2.7245105002926
Tpr_TRINITY_DN14001_c2_g1|Tdu_TRINITY_DN22733_c1_g2,1.05472422848489,4.828659602186081,3.7169627094525097,0.00427199297881944,0.0329267618714002,-2.15744513341193
Tpr_TRINITY_DN12699_c2_g5|Tdu_TRINITY_DN20484_c1_g6,1.62498562254354,3.723596770889241,3.41362520588345,0.0069979638167094295,0.0449130334468404,-2.3646326518997403
Tpr_TRINITY_DN10918_c5_g12|Tdu_TRINITY_DN14998_c0_g1,1.68405208988745,5.52210427067338,6.84188130743165,5.4584212017141403e-05,0.00207470313694646,2.226233461666
Tpr_TRINITY_DN13383_c3_g5|Tdu_TRINITY_DN18629_c4_g2,1.7111373980741298,8.3492383176334,8.38932171614031,9.95007081149881e-06,0.000874149926118155,3.73016811609634
Tpr_TRINITY_DN14537_c0_g1|Tdu_TRINITY_DN16855_c3_g2,0.7705904618429109,8.29910905648934,3.53865794700309,0.00570282444606482,0.0400314008775682,-2.97975848931285
Tpr_TRINITY_DN10315_c2_g8|Tdu_TRINITY_DN24925_c3_g1,1.1662557504458202,6.37765855031405,5.91557227591673,0.000172813640915157,0.00425482659781557,0.883053555459925
Tpr_TRINITY_DN8516_c0_g1|Tdu_TRINITY_DN18571_c8_g1,3.5483668956501204,3.85538947142608,6.706911768101491,6.4132024819251e-05,0.002199542816824,2.1301659811546902
Tpr_TRINITY_DN10987_c6_g1|Tdu_TRINITY_DN18686_c0_g2,1.61195331376059,4.767205358638769,4.01909235407409,0.00264163780228595,0.0241236279569839,-1.61532872229273
Tpr_TRINITY_DN12896_c8_g3|Tdu_TRINITY_DN18760_c3_g7,1.54510909655399,4.23107857333041,4.4249659137363,0.00141168201943248,0.0163074976138362,-0.8759964062022559
Tpr_TRINITY_DN13601_c3_g7|Tdu_TRINITY_DN23574_c3_g1,0.868778104099923,6.57222571479789,3.47672558381044,0.00630996571907003,0.0420053246576995,-2.9048324983053195
Tpr_TRINITY_DN9991_c0_g1|Tdu_TRINITY_DN20724_c0_g1,3.3676026118831004,3.1156992058974504,5.79001782834548,0.000203783942427529,0.00463709512735469,1.0327359303011898
Tpr_TRINITY_DN13261_c2_g6|Tdu_TRINITY_DN23386_c1_g1,1.56688761577516,4.92436960218918,5.27629167243134,0.000409228796213021,0.0071815300237553096,0.25234656883434103
Tpr_TRINITY_DN14530_c6_g1|Tdu_TRINITY_DN22048_c2_g1,3.6139767109161096,6.761893535404909,12.058056794948401,4.02674829599145e-07,0.000174803262870197,7.1463728135226
Tpr_TRINITY_DN7585_c0_g1|Tdu_TRINITY_DN12699_c0_g1,3.7955395168898303,2.93842281565793,5.62193191528304,0.00025496525148505,0.0053239326436675715,0.81905286175385
Tpr_TRINITY_DN6441_c0_g1|Tdu_TRINITY_DN20154_c4_g1,1.25078064544645,5.376393693937532,4.29984553205688,0.00170833520301022,0.0182281355167249,-1.3283391724303102
Tpr_TRINITY_DN14286_c1_g1|Tdu_TRINITY_DN17848_c10_g1,0.916528265080088,7.88154607036685,5.350634681717098,0.000369105437782927,0.00673850066145799,-0.08322411540261501
Tpr_TRINITY_DN14285_c2_g2|Tdu_TRINITY_DN19192_c7_g4,2.19285533504866,5.5658140824869005,8.12860892327915,1.30246360860792e-05,0.000918181183230609,3.70051327592555
Tpr_TRINITY_DN15144_c1_g1|Tdu_TRINITY_DN23566_c3_g1,1.2729299055959,5.03803097038577,4.2414865260634205,0.0018686822651635601,0.0194439442496686,-1.34787260465116
Tpr_TRINITY_DN11882_c5_g1|Tdu_TRINITY_DN20439_c4_g1,1.6864776953346898,5.4806256632283095,7.0213479907734095,4.42024233032419e-05,0.0018229079370256894,2.4505164357346003
Tpr_TRINITY_DN11458_c1_g5|Tdu_TRINITY_DN21505_c3_g2,0.963407256626244,7.60945490183568,4.1631093549018905,0.0021095247256798897,0.020955247242946,-1.8931673820510504
Tpr_TRINITY_DN10607_c0_g2|Tdu_TRINITY_DN18143_c5_g1,1.12077312971743,6.088304733314018,4.60220608409651,0.00108154689845671,0.0136570510490098,-0.990734429402049
Tpr_TRINITY_DN38147_c0_g1|Tdu_TRINITY_DN23461_c0_g3,7.0747668378769815,3.95983656493156,5.41008330062916,0.000340062290547294,0.006447893729733521,0.5710159854240171
Tpr_TRINITY_DN3703_c0_g2|Tdu_TRINITY_DN13291_c0_g1,1.39341122670927,5.15238778845222,5.05325973153546,0.000560367120532801,0.00873901670632998,-0.12815046990433
Tpr_TRINITY_DN13914_c0_g1|Tdu_TRINITY_DN19947_c6_g2,0.97052139794149,6.56411842841871,5.15769740830258,0.00048324372960935596,0.00800360297553809,-0.226881040152917
Tpr_TRINITY_DN13384_c0_g3|Tdu_TRINITY_DN20981_c0_g1,1.7747294075191102,7.3623028617769695,6.411336215260639,9.20008905250284e-05,0.0027897917097442397,1.45240939803215
Tpr_TRINITY_DN14416_c0_g4|Tdu_TRINITY_DN19856_c1_g1,1.53788940502327,7.98246417395182,7.74333218583207,1.96319106423297e-05,0.00110728917023147,3.02871855372323
Tpr_TRINITY_DN14930_c1_g8|Tdu_TRINITY_DN23997_c4_g1,3.44685005983746,1.8795451387545297,5.03077666689956,0.000578636006935572,0.00887488572885181,0.072542281903254
Tpr_TRINITY_DN13418_c2_g4|Tdu_TRINITY_DN24300_c2_g1,0.7248466368188341,8.3089988860042,3.52574614892938,0.00582418752277457,0.0403986757972765,-3.00247883961509
Tpr_TRINITY_DN14812_c6_g1|Tdu_TRINITY_DN18861_c1_g1,2.79102448572341,3.61570876737518,4.52756081050457,0.00120929376096933,0.0147112904726771,-0.5936039012104711
Tpr_TRINITY_DN15792_c2_g5|Tdu_TRINITY_DN19304_c4_g5,1.07984088583449,4.73599921779256,3.80849492127416,0.00368857951697339,0.029946877586796,-1.97995182463121
Tpr_TRINITY_DN10182_c0_g1|Tdu_TRINITY_DN21868_c1_g1,3.60729855711224,3.1838125439944203,4.01968221773872,0.00263919023724601,0.0241236279569839,-1.29127214974855
Tpr_TRINITY_DN12664_c5_g1|Tdu_TRINITY_DN22830_c4_g1,1.90652790172788,4.24529731875934,3.7362047668582896,0.0041417862003277,0.0321368321545652,-1.94679704922717
Tpr_TRINITY_DN11613_c1_g3|Tdu_TRINITY_DN16092_c0_g1,1.49423844512111,5.84431531313639,4.44351067654091,0.00137259039783075,0.016012907498313998,-1.1798267768971202
Tpr_TRINITY_DN13639_c1_g1|Tdu_TRINITY_DN23161_c1_g3,1.88679275991983,3.87737619807374,4.72956949716587,0.000895607342515103,0.0120773021725843,-0.359275817730018
Tpr_TRINITY_DN12034_c11_g1|Tdu_TRINITY_DN18075_c3_g1,1.13460191017394,6.51061116782364,4.48468410597365,0.00128984986908875,0.0154183793047015,-1.24315419696647
Tpr_TRINITY_DN15001_c4_g2|Tdu_TRINITY_DN22070_c0_g1,1.20515128051077,7.97958475413929,5.23001063657525,0.000436554183360913,0.00742412145229033,-0.26199700097683604
Tpr_TRINITY_DN12687_c0_g6|Tdu_TRINITY_DN21294_c1_g1,1.18703011916749,5.7994555608182585,3.77524930132609,0.0038901850605753898,0.0309712802892141,-2.2586811540302003
Tpr_TRINITY_DN10355_c0_g1|Tdu_TRINITY_DN26015_c0_g1,2.4342346907359302,6.62032350540277,4.8637556798439805,0.000736036829293182,0.0105213722149223,-0.6156153318839971
Tpr_TRINITY_DN9451_c0_g1|Tdu_TRINITY_DN23529_c0_g3,2.14533078477781,5.28072380314212,3.34444296467673,0.00784234945733168,0.0481635877319968,-2.7798874912884504
Tpr_TRINITY_DN13078_c1_g7|Tdu_TRINITY_DN19584_c2_g6,1.08489361617094,4.91335342354418,3.97205632351252,0.0028447166303467697,0.0252564292433802,-1.76251656696251
Tpr_TRINITY_DN10600_c3_g11|Tdu_TRINITY_DN16279_c0_g1,1.04164968363044,5.499842203631442,3.76256388141206,0.0039701256482154714,0.0312542111140654,-2.224783934807009
Tpr_TRINITY_DN13674_c1_g4|Tdu_TRINITY_DN21266_c1_g2,2.92446900050739,4.7345224034066105,8.667463872815679,7.51902957574234e-06,0.000809874630893155,4.23716292433091
Tpr_TRINITY_DN13868_c2_g2|Tdu_TRINITY_DN18130_c1_g1,1.43341755058116,5.453513244649,5.37761431037207,0.000355607384204642,0.00660596780387362,0.28795483371201097
Tpr_TRINITY_DN13566_c3_g3|Tdu_TRINITY_DN24666_c2_g1,0.804175241637855,6.402812351058151,3.6962014328558,0.00441729413137687,0.0336415900236347,-2.51429918660231
Tpr_TRINITY_DN14271_c1_g1|Tdu_TRINITY_DN16675_c0_g2,0.684067253151238,6.79611748300611,3.38465327678824,0.00733949044155761,0.0461755279648872,-3.1001613200464497
Tpr_TRINITY_DN10916_c6_g3|Tdu_TRINITY_DN17285_c2_g1,2.62539151681213,3.40227985197102,4.88518967755893,0.000713496629941145,0.010397385519001,-0.0867949805089898
Tpr_TRINITY_DN9991_c1_g1|Tdu_TRINITY_DN20724_c0_g2,1.86465887093232,4.84709200711925,5.1104840724668605,0.000516598418431117,0.0083383635131504,0.0432263278290046
Tpr_TRINITY_DN11423_c2_g1|Tdu_TRINITY_DN23865_c1_g5,0.852725821125411,6.579446611627572,3.60455925699832,0.00512314568982529,0.0372761046356184,-2.69113327829398
Tpr_TRINITY_DN9825_c0_g1|Tdu_TRINITY_DN16259_c0_g1,4.69364937182384,4.620959875419151,6.15679210596536,0.00012665275589278,0.00343628924540673,1.53203815963855
Tpr_TRINITY_DN15381_c1_g1|Tdu_TRINITY_DN18642_c1_g1,4.80538103100662,2.05644322871497,6.7555249667588,6.04991183518086e-05,0.0021324646502808397,2.01499818227858
Tpr_TRINITY_DN1069_c0_g1|Tdu_TRINITY_DN23974_c2_g1,2.9333384782433,4.2875598136513,3.64604972031883,0.0047900108554727,0.035721527609348,-2.00115302605946
Tpr_TRINITY_DN12253_c3_g3|Tdu_TRINITY_DN24809_c0_g1,1.50390262232324,3.76869674864379,3.79477860295672,0.00377039662364901,0.0303397379042507,-1.77938757890774
Tpr_TRINITY_DN14005_c2_g1|Tdu_TRINITY_DN25223_c0_g1,2.0324253845785,6.02591607074548,8.145429515336469,1.2797760654710903e-05,0.0009178776511309199,3.6713732398334105
Tpr_TRINITY_DN6470_c0_g1|Tdu_TRINITY_DN17488_c5_g5,4.36337472347102,3.40981679784588,6.01034340401498,0.000152809904090816,0.0038839572149847296,1.2822604013683798
Tpr_TRINITY_DN10638_c4_g6|Tdu_TRINITY_DN19402_c1_g1,1.86002517888988,5.2451202209856,6.395905402864551,9.37787743077502e-05,0.0028332869248729802,1.7194766193279698
Tpr_TRINITY_DN11768_c0_g1|Tdu_TRINITY_DN17957_c2_g5,1.0654768095136,5.11352222375823,3.50948829902715,0.00598083477577596,0.0408230992931642,-2.55689670210935
Tpr_TRINITY_DN14927_c2_g4|Tdu_TRINITY_DN20376_c3_g2,1.70692843574972,4.08271883911122,5.0651367982228095,0.000550966448502393,0.00867246425047278,0.0884691406117364
Tpr_TRINITY_DN14620_c2_g1|Tdu_TRINITY_DN23936_c2_g7,0.999373285971386,5.23315152796063,3.75929614556974,0.003990995618518629,0.0313502208205158,-2.17827558107059
Tpr_TRINITY_DN26070_c0_g1|Tdu_TRINITY_DN36745_c0_g1,3.43541175735624,2.8685437836776604,5.127046387466041,0.000504624976225853,0.00825911299810893,0.216431402317518
Tpr_TRINITY_DN10414_c2_g6|Tdu_TRINITY_DN24845_c2_g1,3.05134494327281,3.375520764396,3.7772457986174,0.00387775799637579,0.0309320579826958,-1.66085065524299
Tpr_TRINITY_DN10723_c1_g1|Tdu_TRINITY_DN17848_c11_g1,0.783042634993242,6.861770374333661,3.7165749140299904,0.0042746607117001,0.0329267618714002,-2.54870047636065
Tpr_TRINITY_DN11412_c1_g6|Tdu_TRINITY_DN18929_c4_g1,0.94230860446092,5.34306541289365,3.4899671261355603,0.00617473167805444,0.041473279218724,-2.65213294764665
Tpr_TRINITY_DN12854_c0_g1|Tdu_TRINITY_DN25298_c1_g1,2.71703578988051,4.16191833806632,5.932617608948162,0.000169016915167089,0.00417380693502439,1.26728257278026
Tpr_TRINITY_DN6673_c0_g1|Tdu_TRINITY_DN22841_c2_g1,1.20020967385753,4.8722045619331,3.41165772065836,0.007020626944522571,0.0449130334468404,-2.6570418814116
Tpr_TRINITY_DN10727_c7_g1|Tdu_TRINITY_DN23068_c2_g1,0.893966574741355,6.71061863782066,3.8554412731819903,0.00342235875467205,0.0285704605349545,-2.29656107056052
Tpr_TRINITY_DN11391_c0_g6|Tdu_TRINITY_DN19292_c1_g1,0.473617241820991,10.4065714247119,3.44477202621244,0.00664912607675012,0.0434564119501069,-3.20964768872425
Tpr_TRINITY_DN15765_c2_g1|Tdu_TRINITY_DN20433_c3_g1,0.7016441722621422,7.88374194210034,4.22143981985838,0.00192737698288619,0.019821702437463003,-1.82615843295498
Tpr_TRINITY_DN11344_c0_g11|Tdu_TRINITY_DN17039_c4_g3,1.9302641546682304,4.57217431867725,5.47556465136799,0.000310889207665426,0.00613448369575223,0.600348932187448
Tpr_TRINITY_DN4701_c0_g1|Tdu_TRINITY_DN16892_c2_g1,1.27418018770332,5.666692955762709,4.18419796026568,0.0020416555100294,0.0205456981135437,-1.56727878864429
Tpr_TRINITY_DN11579_c0_g1|Tdu_TRINITY_DN14362_c0_g1,1.60388251173958,6.4529442047611285,6.453788128680871,8.729535611483548e-05,0.00270681239562092,1.60891566569747
Tpr_TRINITY_DN10344_c0_g1|Tdu_TRINITY_DN19161_c0_g4,1.28155128042949,5.0663468498167,4.3719362777217,0.00153013013838115,0.0171235708227319,-1.14469489849832
Tpr_TRINITY_DN14437_c0_g2|Tdu_TRINITY_DN25547_c3_g1,3.94146398519228,2.0094871376324903,6.09905514238868,0.00013633679771393002,0.0036041856011041398,1.32392452274798
Tpr_TRINITY_DN10825_c1_g13|Tdu_TRINITY_DN23239_c1_g2,2.4878015123127,4.23435691648802,6.0632915134852015,0.000142734708394695,0.00372555656594761,1.42437887066095
Tpr_TRINITY_DN13445_c4_g4|Tdu_TRINITY_DN19097_c5_g1,1.46937731294498,4.07277637098921,3.9358369098803,0.00301226785598612,0.0264029599109177,-1.60609481139482
Tpr_TRINITY_DN14678_c3_g3|Tdu_TRINITY_DN22431_c1_g4,2.6607073007450297,2.4762898656543904,3.90968889903965,0.00313966185954248,0.0272588747552699,-1.44018561107625
Tpr_TRINITY_DN14887_c4_g2|Tdu_TRINITY_DN21664_c5_g1,2.24979365628345,4.91065818273986,3.99813191647061,0.0027301813342499198,0.0245567455233297,-1.6217768789616498
Tpr_TRINITY_DN14793_c4_g1|Tdu_TRINITY_DN19040_c5_g1,2.1352899742217297,5.33237113001034,5.7204183453046,0.000223490226297452,0.00496554890089721,0.828666826060612
Tpr_TRINITY_DN10808_c5_g2|Tdu_TRINITY_DN20854_c4_g1,1.37738434506573,6.6333835677973605,5.6294846727730405,0.0002523899455948,0.00531049048792324,0.4587837512532
Tpr_TRINITY_DN10375_c3_g2|Tdu_TRINITY_DN21522_c2_g1,1.32447443381026,5.19060829127845,4.63852885787054,0.0010246536882753301,0.0132466200954466,-0.754080363019987
Tpr_TRINITY_DN12680_c2_g3|Tdu_TRINITY_DN16005_c0_g2,1.10724012560599,4.78928315577075,3.49429437106165,0.00613119405559473,0.0413492138761614,-2.51413693116537
Tpr_TRINITY_DN10664_c3_g7|Tdu_TRINITY_DN19509_c1_g1,1.90577429716813,3.54773777651706,3.898054952441,0.00319815186698509,0.0274488622256952,-1.55557093609885
Tpr_TRINITY_DN15205_c2_g1|Tdu_TRINITY_DN19316_c2_g2,2.5582285432772203,2.7623798254663803,3.76624516021581,0.00394675137042252,0.0311701918060491,-1.66092729914474
Tpr_TRINITY_DN13191_c2_g1|Tdu_TRINITY_DN18004_c6_g3,2.57119398762605,4.337291283581661,5.47370947266979,0.000311677623876252,0.00613536286809386,0.6492789364547089
Tpr_TRINITY_DN14374_c1_g5|Tdu_TRINITY_DN21222_c2_g2,1.5417173525009,3.71622774664375,3.4909874839908794,0.006164436699226021,0.0414417569920024,-2.24639160593196
Tpr_TRINITY_DN10631_c7_g5|Tdu_TRINITY_DN18976_c0_g2,0.8686493220888271,5.72053108302672,4.0058570290649,0.00269718962226461,0.0244566320548407,-1.8825177036038203
Tpr_TRINITY_DN14180_c0_g2|Tdu_TRINITY_DN19786_c2_g2,1.54546935914643,5.0605301668797,5.6815674938324205,0.000235375930096652,0.00516324646658827,0.7879402765789141
Tpr_TRINITY_DN11411_c4_g1|Tdu_TRINITY_DN20412_c2_g2,0.824863326760255,6.08066939200366,3.60433477509146,0.0051250124462647,0.0372761046356184,-2.61362729700403
Tpr_TRINITY_DN10092_c0_g1|Tdu_TRINITY_DN21387_c3_g2,0.803827496184986,8.3089211045078,5.554637616369951,0.000279200669475753,0.00564146101979665,0.184299865720913
Tpr_TRINITY_DN10719_c3_g4|Tdu_TRINITY_DN9415_c0_g1,1.6252420062865,8.15614981323727,7.3958418109345905,2.88058060950293e-05,0.0014157025129205804,2.6145802335601096
Tpr_TRINITY_DN14505_c2_g4|Tdu_TRINITY_DN20359_c12_g1,1.24330255388396,5.26658158419161,3.5718928349847205,0.00540239544457787,0.038762753543476,-2.48326729739173
Tpr_TRINITY_DN11097_c4_g1|Tdu_TRINITY_DN19721_c2_g1,1.0700163894938102,7.581556906345152,6.882801455835191,5.20032369312166e-05,0.00202322027456922,2.0169210188419
Tpr_TRINITY_DN12453_c1_g1|Tdu_TRINITY_DN18453_c6_g2,1.639479673543,4.05702792227194,4.2433488193847,0.0018633265057301,0.0194439442496686,-1.12049157851831
Tpr_TRINITY_DN32237_c0_g1|Tdu_TRINITY_DN18620_c3_g1,4.80549506608524,2.41622340783077,5.40155937110376,0.000344071281551448,0.00649405018360719,0.547933067942672
Tpr_TRINITY_DN10879_c3_g4|Tdu_TRINITY_DN10804_c0_g1,1.45435397042213,5.70248038259026,6.13015073195991,0.000131025516192712,0.003508761225836,1.28679720104931
Tpr_TRINITY_DN13205_c0_g4|Tdu_TRINITY_DN24596_c3_g2,1.82306187520464,6.440451820319411,7.674028629016662,2.11701406473944e-05,0.00115624980363861,3.09945501749078
Tpr_TRINITY_DN11810_c2_g8|Tdu_TRINITY_DN18465_c1_g3,1.2708950192604398,3.87395553865152,3.5477153463481,0.00561926361062633,0.0396472936359675,-2.2035975153432203
Tpr_TRINITY_DN13158_c2_g6|Tdu_TRINITY_DN23149_c0_g1,1.22473462577504,10.821959885218801,4.462596329450482,0.001333556591353,0.0158489549934864,-1.54051025924567
Tpr_TRINITY_DN14456_c3_g6|Tdu_TRINITY_DN14619_c0_g1,4.01894083455846,3.38203440771943,4.3375920125775895,0.0016124350975082,0.0176384147005937,-0.8358759545502621
Tpr_TRINITY_DN8294_c0_g1|Tdu_TRINITY_DN24190_c4_g1,1.5940890864831698,7.75662545870957,9.2543175290131,4.25940906957881e-06,0.000595450949252305,4.65474913897197
Tpr_TRINITY_DN12761_c2_g1|Tdu_TRINITY_DN21645_c1_g3,1.33352777972719,6.7217639392254505,6.86989681534407,5.280257996254939e-05,0.0020351199978089107,2.09083938616081
Tpr_TRINITY_DN14313_c0_g1|Tdu_TRINITY_DN19545_c1_g2,1.58489464493554,4.40070107053345,3.98737126714413,0.00277684698584452,0.0248680064486923,-1.58213362438106
Tpr_TRINITY_DN14136_c0_g7|Tdu_TRINITY_DN25263_c0_g1,3.03129045496024,1.92661176053799,3.99960049944887,0.0027238768751251,0.0245267865349693,-1.30676128085838
Tpr_TRINITY_DN13316_c3_g3|Tdu_TRINITY_DN22027_c3_g3,1.04185133801912,9.032974203061393,4.33048382043498,0.0016300486853467599,0.017760424777728,-1.7082680636910803
Tpr_TRINITY_DN8336_c0_g1|Tdu_TRINITY_DN15337_c0_g1,1.20485115855031,5.5399220386663615,5.41356790908006,0.000338437885430934,0.00643187944477959,0.317397038037932
Tpr_TRINITY_DN8608_c0_g1|Tdu_TRINITY_DN23782_c1_g2,1.16816936080764,4.7405495354102,4.08875829885949,0.00236846188111629,0.0225318034549563,-1.5282185968729902
Tpr_TRINITY_DN12927_c1_g2|Tdu_TRINITY_DN16850_c0_g1,3.95001473364542,4.09173086249771,6.35126573089187,9.91347896761563e-05,0.00295185467598894,1.7367661162254
Tpr_TRINITY_DN10934_c2_g1|Tdu_TRINITY_DN25347_c5_g2,2.16167043109451,3.204445326282109,3.6288870984295296,0.00492498419993751,0.0362689907866826,-1.91473131202553
Tpr_TRINITY_DN14038_c1_g3|Tdu_TRINITY_DN19350_c5_g1,0.695929669173541,8.89253683039176,4.8554211762338495,0.00074500586931874,0.0106127951815906,-0.8815481981377131
Tpr_TRINITY_DN11471_c1_g1|Tdu_TRINITY_DN22369_c4_g2,0.6605919948661509,8.74582110236578,4.10208875016492,0.00231967641870405,0.0223251938173524,-2.06901487565597
Tpr_TRINITY_DN15174_c2_g1|Tdu_TRINITY_DN16768_c1_g1,0.6916667494556241,6.730964800629572,3.56303621593655,0.00548080791797352,0.0390675975385038,-2.79055199029818
Tpr_TRINITY_DN14868_c3_g8|Tdu_TRINITY_DN18347_c3_g1,1.23124711761969,7.5309967341691,3.46590720016197,0.00642273530520714,0.042413707603962,-3.0342695902544903
Tpr_TRINITY_DN15923_c4_g5|Tdu_TRINITY_DN18948_c1_g1,1.37580552865924,5.2149625841446285,4.8806698899002185,0.000718187565855233,0.0104288926816443,-0.396949193636813
Tpr_TRINITY_DN11412_c1_g5|Tdu_TRINITY_DN17800_c0_g1,1.82842514199592,4.529509278537599,3.85377207846008,0.00343147007754118,0.028581423900165,-1.83606895296791
Tpr_TRINITY_DN10818_c0_g6|Tdu_TRINITY_DN20222_c0_g3,3.60732845678426,5.29046033985029,6.9299478223091695,4.91926707760948e-05,0.00196010216696246,2.43705799928764
Tpr_TRINITY_DN9283_c0_g1|Tdu_TRINITY_DN24579_c1_g1,1.2659289601083998,5.36770779340334,4.44531950315166,0.00136883946946537,0.016012907498313998,-1.09408697365388
Tpr_TRINITY_DN13446_c1_g1|Tdu_TRINITY_DN19974_c2_g1,0.947177216145584,5.16904727637754,3.4520524337245697,0.00657022040006143,0.0431802214021567,-2.6791104679857503
Tpr_TRINITY_DN11783_c5_g1|Tdu_TRINITY_DN19225_c4_g8,0.7908204841930351,6.54784297582736,3.72484156060844,0.0042181681143036295,0.0326680287387571,-2.4890252722034503
Tpr_TRINITY_DN13960_c0_g3|Tdu_TRINITY_DN19656_c0_g1,1.24511227953254,4.87491619847859,3.3601544770755,0.007641749215549679,0.0473903364886119,-2.74405209373169
