Unnamed: 0,logFC,AveExpr,t,P.Value,adj.P.Val,B
Tpr_TRINITY_DN10844_c2_g7|Tdu_TRINITY_DN25328_c2_g5,-0.5969190369607479,7.81117987285719,-3.6828331390802096,0.00451358171195739,0.0340604043551917,-2.71447810157327
Tpr_TRINITY_DN1451_c0_g1|Tdu_TRINITY_DN16990_c3_g1,-0.5867698304179921,7.03704649855971,-3.3311522390294903,0.00801629299124421,0.0489041306152236,-3.2316209368812205
Tpr_TRINITY_DN11462_c1_g3|Tdu_TRINITY_DN18955_c5_g2,-3.55528439980105,5.09432371124116,-7.07451260980098,4.15547445104065e-05,0.0017758732265379996,2.59790895313041
Tpr_TRINITY_DN14614_c1_g6|Tdu_TRINITY_DN1401_c0_g1,-1.05866618957925,6.41116539033788,-3.4850579765378304,0.00622451333477479,0.041705756283690006,-2.87847036246536
Tpr_TRINITY_DN12134_c0_g2|Tdu_TRINITY_DN21624_c3_g1,-0.5786931504195021,7.81928786750718,-3.54808529747864,0.00561587777316675,0.0396472936359675,-2.9409829562663
Tpr_TRINITY_DN13700_c1_g3|Tdu_TRINITY_DN5114_c0_g1,-1.6744609448374,3.95006543962284,-3.9780296305014,0.0028180399123055107,0.0250735633189815,-1.53753053898052
Tpr_TRINITY_DN13550_c0_g1|Tdu_TRINITY_DN10834_c0_g2,-3.1249519658807703,3.40225937274321,-6.2604124452648,0.000111086938646719,0.0031594657584763397,1.6270595210661
Tpr_TRINITY_DN12213_c3_g2|Tdu_TRINITY_DN20464_c3_g1,-1.60093098505552,3.693494529560029,-3.62285415115926,0.00497336756601671,0.0365600139790604,-2.05068478647047
Tpr_TRINITY_DN11903_c1_g4|Tdu_TRINITY_DN22646_c1_g2,-0.5728899581431,7.36479954615366,-3.59618796148106,0.00519324235730989,0.0376065522064021,-2.82090416185134
Tpr_TRINITY_DN14494_c6_g4|Tdu_TRINITY_DN18357_c3_g1,-3.05739139614638,5.25040955657371,-7.12582202376684,3.91621346899868e-05,0.00171813450490963,2.63527520925655
Tpr_TRINITY_DN12124_c1_g1|Tdu_TRINITY_DN20551_c2_g1,-3.45744734136801,6.82123566601249,-11.309185395058696,7.188126177666809e-07,0.000219583943382948,6.5678075543965
Tpr_TRINITY_DN15377_c1_g7|Tdu_TRINITY_DN20722_c1_g1,-2.10655060466543,7.75428669589162,-7.594000931465138,2.3111601152631102e-05,0.0011914030394181302,2.86902776968704
Tpr_TRINITY_DN10352_c4_g1|Tdu_TRINITY_DN17460_c6_g1,-1.41354043223703,6.156710095716258,-5.8050131016637305,0.000199788538913365,0.00462880862066696,0.7528601562656009
Tpr_TRINITY_DN15300_c0_g4|Tdu_TRINITY_DN20225_c0_g2,-5.68345581449365,1.63574714112352,-9.32294499078666,3.99320776077508e-06,0.0005939825956948981,4.0540640495448
Tpr_TRINITY_DN13496_c4_g2|Tdu_TRINITY_DN20284_c3_g1,-4.27922238934846,2.76258873006117,-5.71234658390804,0.000225905336490694,0.00496871257433399,0.911246213065999
Tpr_TRINITY_DN12454_c4_g6|Tdu_TRINITY_DN17806_c5_g4,-0.8734161104645771,5.461772555351598,-3.8348007588490702,0.00353683288991894,0.0291717976760515,-2.12983889254271
Tpr_TRINITY_DN15010_c1_g3|Tdu_TRINITY_DN15197_c0_g1,-2.26621618015184,5.68894000629364,-8.14641703330701,1.2784575658230099e-05,0.0009178776511309199,3.69572255304881
Tpr_TRINITY_DN13452_c4_g3|Tdu_TRINITY_DN17266_c4_g3,-1.99549479988092,5.30660693025824,-7.863474407074079,1.7245933547951997e-05,0.00103828072922269,3.4192103498518502
Tpr_TRINITY_DN11968_c0_g3|Tdu_TRINITY_DN19674_c6_g1,-1.64559440898426,4.3643609919709,-4.103827713354891,0.00231339096549853,0.0222907110787756,-1.42626805065045
Tpr_TRINITY_DN11140_c0_g1|Tdu_TRINITY_DN19310_c0_g1,-1.66378739244731,7.59236309077497,-7.04826687513975,4.28396235851768e-05,0.0017993764052463398,2.21890025499694
Tpr_TRINITY_DN13524_c1_g3|Tdu_TRINITY_DN23852_c8_g2,-0.7004220590806579,9.510019853993633,-3.81467808388559,0.0036523080592086796,0.0297083203869361,-2.57008778799142
Tpr_TRINITY_DN10857_c2_g3|Tdu_TRINITY_DN19391_c1_g1,-0.693616439088551,8.25996745116171,-4.171781568289069,0.00208133075558215,0.0207579396276198,-1.9372924062858896
Tpr_TRINITY_DN10478_c3_g1|Tdu_TRINITY_DN18788_c6_g1,-0.8231790476456329,10.181704604674,-3.5980132425573097,0.00517787364443568,0.0375612153204094,-2.94750169506238
Tpr_TRINITY_DN13009_c1_g8|Tdu_TRINITY_DN17212_c2_g1,-0.9421444300731492,8.43392019234866,-4.9305708272417,0.0006681714994615558,0.00987648481641382,-0.750637911210179
Tpr_TRINITY_DN13305_c0_g1|Tdu_TRINITY_DN17475_c4_g2,-1.18733875283459,5.13645818825567,-4.36548222268377,0.00154525027939316,0.017176852162311,-1.20236843445878
Tpr_TRINITY_DN11040_c1_g5|Tdu_TRINITY_DN21042_c0_g2,-0.7318182067423029,6.2191162715801,-3.3954882882791204,0.0072097867423009205,0.0456030069405659,-3.00409552966479
Tpr_TRINITY_DN15116_c4_g1|Tdu_TRINITY_DN21826_c0_g1,-2.01332413769905,8.12555878558762,-5.61810931549927,0.000256279437285814,0.00533779131155667,0.293000870419531
Tpr_TRINITY_DN10087_c0_g1|Tdu_TRINITY_DN19264_c2_g1,-1.55176261942907,4.04535801335464,-4.29793515702941,0.00171334671735859,0.018254188904436,-1.06187274806059
Tpr_TRINITY_DN11158_c2_g3|Tdu_TRINITY_DN25314_c7_g7,-0.7720246226849771,6.961349747598178,-4.55293960526684,0.00116414729455696,0.0143311744559789,-1.21929042790793
Tpr_TRINITY_DN11929_c1_g1|Tdu_TRINITY_DN17883_c3_g2,-1.1870190353695,4.8089381080304285,-3.90627492189398,0.00315670826461763,0.0273165259633012,-1.86086287832276
Tpr_TRINITY_DN13332_c0_g6|Tdu_TRINITY_DN10481_c0_g1,-1.5282792572159498,3.41064305770734,-3.49989473969429,0.00607532048908205,0.0411405939194982,-2.19464603109018
Tpr_TRINITY_DN14573_c1_g7|Tdu_TRINITY_DN25607_c4_g1,-2.16764100599938,5.688037708239441,-5.2501848479976,0.000424409480416348,0.00732328325203773,0.0733769012654877
Tpr_TRINITY_DN15286_c1_g4|Tdu_TRINITY_DN20282_c1_g1,-1.64056252126837,6.554369783355559,-7.18167800468641,3.67265132834159e-05,0.00165530208503614,2.48246009983783
Tpr_TRINITY_DN14429_c4_g2|Tdu_TRINITY_DN30938_c0_g1,-1.8304156937038896,3.53270915116098,-3.36913772015895,0.00752944726816428,0.0470476371725901,-2.41620417217169
Tpr_TRINITY_DN13783_c1_g1|Tdu_TRINITY_DN23151_c0_g1,-2.02337067176757,5.3111075113840185,-7.27196762163131,3.3130543427683505e-05,0.00155261773972462,2.75671679575759
Tpr_TRINITY_DN12691_c1_g12|Tdu_TRINITY_DN17655_c8_g3,-2.07681796934847,5.37232336099602,-5.085926125190982,0.000534915885902638,0.00851734792842657,-0.114765130175702
Tpr_TRINITY_DN15644_c1_g5|Tdu_TRINITY_DN15219_c0_g1,-1.66621586167603,3.9935180329841,-4.9765692028052095,0.000625356961269362,0.00941230696450675,-0.0443154205950336
Tpr_TRINITY_DN10582_c3_g4|Tdu_TRINITY_DN19797_c3_g1,-3.4093961089155096,5.48568382338185,-11.5352231511166,6.01379131314493e-07,0.000206673961461748,6.69172877069947
Tpr_TRINITY_DN14027_c1_g4|Tdu_TRINITY_DN18675_c0_g1,-1.2999918670935502,6.654840814734151,-3.83616236577367,0.0035291588845392297,0.0291717976760515,-2.3274196504999303
Tpr_TRINITY_DN13068_c1_g1|Tdu_TRINITY_DN17039_c2_g2,-0.60366259746525,7.78850646408129,-4.07999102106295,0.0024011368038728107,0.0226856544769105,-2.05665366212307
Tpr_TRINITY_DN11409_c2_g4|Tdu_TRINITY_DN19409_c2_g2,-0.883064147674702,6.3666544036056605,-4.510515492208059,0.00124065859195485,0.0149823602729775,-1.20427030552217
Tpr_TRINITY_DN8172_c0_g1|Tdu_TRINITY_DN15835_c0_g1,-0.61230577606517,7.43281673559829,-3.789822444688161,0.0038004258587949298,0.0304921327658955,-2.5041748928090897
Tpr_TRINITY_DN14946_c3_g3|Tdu_TRINITY_DN23131_c1_g1,-3.0315826139458704,3.89083090846913,-5.968809967351638,0.000161250553977175,0.00401811048097807,1.31343884029095
Tpr_TRINITY_DN13707_c3_g1|Tdu_TRINITY_DN16145_c1_g2,-2.4507527234262003,4.68553429761292,-4.47135801897236,0.0013160337735933301,0.0156632706559853,-0.8755131513548801
Tpr_TRINITY_DN11594_c0_g8|Tdu_TRINITY_DN17630_c2_g2,-3.26734947446184,7.42420706199441,-8.21892485199698,1.18557923079709e-05,0.0009054312495939279,3.6331006344055496
Tpr_TRINITY_DN10814_c2_g3|Tdu_TRINITY_DN15625_c0_g1,-1.16888154196782,6.33105886224486,-5.1759166069235185,0.00047099640650697815,0.00786392380742825,-0.178917543258408
Tpr_TRINITY_DN11794_c8_g1|Tdu_TRINITY_DN14260_c0_g1,-2.8884808202666403,2.5666083336965,-4.68018256251702,0.000963309656656575,0.0126317616027082,-0.370440665458146
Tpr_TRINITY_DN2625_c0_g1|Tdu_TRINITY_DN7937_c0_g1,-1.38414024783291,4.07377602765463,-3.4121352015544804,0.00701511993893195,0.0449130334468404,-2.4833344526700603
Tpr_TRINITY_DN10445_c1_g1|Tdu_TRINITY_DN20150_c1_g1,-2.86064580219963,3.94615971287369,-4.56498876063825,0.00114334384819317,0.0142284579107111,-0.590614434468764
Tpr_TRINITY_DN12160_c1_g11|Tdu_TRINITY_DN24083_c0_g2,-3.9528142034979097,4.02266488178262,-3.8652857670162,0.00336913655716445,0.0283557533913187,-1.60870202606602
Tpr_TRINITY_DN13332_c0_g4|Tdu_TRINITY_DN19473_c0_g2,-0.99590020152279,7.65026549058059,-3.96786300671648,0.00286360265174545,0.0253422689609405,-2.22639637168778
Tpr_TRINITY_DN15431_c1_g7|Tdu_TRINITY_DN1956_c0_g1,-0.8215168315659809,7.12643098046607,-3.4688363814022405,0.006391996691085071,0.0423046156750901,-3.00742513005386
Tpr_TRINITY_DN11323_c2_g1|Tdu_TRINITY_DN20331_c0_g1,-0.950643519804423,7.74694909525726,-5.641656019159041,0.000248298573696055,0.00530596118068021,0.336918502765862
Tpr_TRINITY_DN15916_c2_g3|Tdu_TRINITY_DN16190_c2_g1,-1.5606622576332,6.17797128834346,-8.14950775966577,1.27434050083606e-05,0.0009178776511309199,3.62824298217442
Tpr_TRINITY_DN11235_c0_g2|Tdu_TRINITY_DN19122_c0_g1,-3.5102967642301,2.1614126847992097,-4.5061150297294414,0.00124889550588989,0.0150377958139852,-0.606203638491127
Tpr_TRINITY_DN14410_c3_g6|Tdu_TRINITY_DN16124_c0_g1,-1.42912717327505,4.89556395630909,-5.36420650851966,0.00036224785592935696,0.00669914868992229,0.34445010800380105
Tpr_TRINITY_DN14131_c3_g1|Tdu_TRINITY_DN23846_c3_g1,-0.69216560770205,6.204476660707929,-3.63662089802285,0.0048636777792616,0.0359137102268126,-2.59869204170115
Tpr_TRINITY_DN12405_c4_g1|Tdu_TRINITY_DN20809_c2_g4,-3.19613268274086,3.43231455313465,-5.019244547344151,0.000588253071175872,0.00899404945096114,0.0952639169451839
Tpr_TRINITY_DN11491_c0_g3|Tdu_TRINITY_DN23047_c1_g3,-2.22814458571297,5.93959026169623,-10.029768229581599,2.09966649415728e-06,0.000444052544713059,5.50668903166074
Tpr_TRINITY_DN12041_c4_g1|Tdu_TRINITY_DN13441_c0_g1,-0.989655741102396,11.262519158439698,-5.78891317302575,0.000204081659945411,0.00463709512735469,0.4382770628274481
Tpr_TRINITY_DN12672_c8_g2|Tdu_TRINITY_DN11666_c0_g1,-0.797796835927567,6.610047015988768,-4.05985914487973,0.00247797963375255,0.0231808473110187,-1.96206088167045
Tpr_TRINITY_DN13766_c1_g4|Tdu_TRINITY_DN7111_c0_g1,-2.0844046948547,4.62716679416845,-7.0411484722041715,4.319550536357609e-05,0.0017993764052463398,2.5577657491592203
Tpr_TRINITY_DN11035_c2_g3|Tdu_TRINITY_DN18196_c4_g1,-1.1551278222708898,6.53373713075217,-6.43367910524487,8.94909886313995e-05,0.0027337839786362303,1.53790656869607
Tpr_TRINITY_DN10423_c3_g6|Tdu_TRINITY_DN24472_c1_g2,-1.31121761636266,5.04344613043688,-4.30496920699624,0.0016949707203547401,0.0181482136093748,-1.27169093763678
Tpr_TRINITY_DN10475_c2_g9|Tdu_TRINITY_DN17806_c5_g3,-0.91405944104245,6.350184369160122,-4.5664804360756515,0.00114079604518584,0.0142284579107111,-1.11423143492884
Tpr_TRINITY_DN3811_c0_g1|Tdu_TRINITY_DN16012_c0_g1,-1.25168845263452,4.80841631015324,-4.55407854504816,0.00116216373428024,0.0143281412262234,-0.8385092024665091
Tpr_TRINITY_DN11530_c3_g1|Tdu_TRINITY_DN24053_c3_g1,-1.6569871465778,7.99274888897286,-10.0306482035169,2.0980369430398e-06,0.000444052544713059,5.374146837111
Tpr_TRINITY_DN13056_c3_g5|Tdu_TRINITY_DN6070_c0_g1,-0.988846239033768,8.45684964947122,-5.21191967114449,0.000447762191700892,0.007552438767175779,-0.32845615290773605
Tpr_TRINITY_DN10501_c0_g6|Tdu_TRINITY_DN21421_c2_g2,-5.591971216741031,1.53897946179528,-9.486947161996241,3.42785587005055e-06,0.000565459104323538,4.13804711715761
Tpr_TRINITY_DN14791_c3_g1|Tdu_TRINITY_DN21819_c2_g1,-1.4449569709942298,3.70343070605461,-3.41802352151751,0.00694757430009615,0.0447334838619774,-2.38880401960909
Tpr_TRINITY_DN9364_c1_g1|Tdu_TRINITY_DN13437_c0_g1,-1.10408291212875,5.2993285619977,-4.68850628041479,0.0009515271733768687,0.0125370545143968,-0.737094986037347
Tpr_TRINITY_DN8872_c0_g1|Tdu_TRINITY_DN16404_c0_g1,-1.05843635726399,7.593132053091179,-6.65712497769338,6.809925293160898e-05,0.0022925821966527,1.71964680036641
Tpr_TRINITY_DN12081_c0_g1|Tdu_TRINITY_DN15245_c0_g1,-2.87444756028908,4.81338719742822,-4.0974851575476094,0.0023364032035569893,0.0223817115248991,-1.43811226489594
Tpr_TRINITY_DN11710_c2_g8|Tdu_TRINITY_DN18623_c2_g2,-1.6416088935576,6.159834776983991,-5.89817173530928,0.000176784623048059,0.00433964158006069,0.8882959578582209
Tpr_TRINITY_DN10615_c2_g5|Tdu_TRINITY_DN18324_c0_g4,-1.57267364392428,5.32960124625009,-4.83829402613406,0.000763805548625975,0.0108269522039829,-0.494194882030175
Tpr_TRINITY_DN12442_c1_g1|Tdu_TRINITY_DN15443_c0_g1,-1.64782713955671,4.0525284627591605,-4.12566794498523,0.0022359628671979,0.0217993164641232,-1.32939647371758
Tpr_TRINITY_DN7125_c0_g1|Tdu_TRINITY_DN24941_c1_g7,-1.78049921526077,4.91756541060686,-5.43474353794918,0.000328744159301062,0.00630577168817479,0.4593518672185301
Tpr_TRINITY_DN12429_c1_g8|Tdu_TRINITY_DN21983_c2_g7,-0.695290393117771,9.658236084434028,-4.7943650998347005,0.000814379389155034,0.0113908331181603,-1.00046749330578
Tpr_TRINITY_DN11017_c3_g4|Tdu_TRINITY_DN24232_c0_g1,-2.25798564368418,6.94101897873526,-13.0802867327391,1.9184703468745896e-07,0.00012171956477708899,7.878618665417732
Tpr_TRINITY_DN12594_c4_g4|Tdu_TRINITY_DN15314_c0_g1,-1.68107407277596,9.37063722143857,-4.754600068326732,0.0008632484076859902,0.0117687154819736,-1.05143102670163
Tpr_TRINITY_DN11519_c4_g1|Tdu_TRINITY_DN22492_c1_g4,-1.03768043823406,4.755522410978871,-3.52000039886384,0.00587905534194672,0.0406117658797123,-2.48873664840478
Tpr_TRINITY_DN12165_c5_g4|Tdu_TRINITY_DN12991_c0_g1,-0.6597858806423579,8.47950594582864,-4.26394994367909,0.00180515210451432,0.0190151910064293,-1.79907872188577
Tpr_TRINITY_DN14565_c1_g3|Tdu_TRINITY_DN17945_c1_g1,-2.30186930568927,7.690700149215339,-8.35182713973754,1.03387580764045e-05,0.0008821032401924742,3.72690391440539
Tpr_TRINITY_DN14136_c0_g9|Tdu_TRINITY_DN18685_c5_g4,-2.54227788897118,3.28050911296325,-5.43880886019632,0.000326917530014562,0.00630135402026525,0.643533552587487
Tpr_TRINITY_DN14605_c0_g1|Tdu_TRINITY_DN16603_c1_g5,-1.07869193295991,6.46243368476174,-5.23766583219982,0.000431902479159682,0.0073803042090629795,-0.109239582287085
Tpr_TRINITY_DN19545_c0_g1|Tdu_TRINITY_DN16406_c0_g1,-1.4786774295363,3.9776622438679903,-4.4404590108557,0.00137894334136504,0.0160416427074455,-0.8383887356203829
Tpr_TRINITY_DN11770_c4_g2|Tdu_TRINITY_DN19913_c1_g2,-0.8468577837573309,8.064629291846241,-5.12380471895476,0.000506944866332704,0.00826510923744414,-0.4400077293648929
Tpr_TRINITY_DN13882_c2_g1|Tdu_TRINITY_DN18672_c1_g3,-1.71498084656488,6.657293635221079,-5.05310311853947,0.0005604922208594281,0.00873901670632998,-0.391163995092299
Tpr_TRINITY_DN15203_c0_g1|Tdu_TRINITY_DN14561_c0_g1,-4.3992116288414405,1.56149783360313,-6.527609767262031,7.972179530856421e-05,0.00255854228679003,1.74226518358888
Tpr_TRINITY_DN14894_c1_g8|Tdu_TRINITY_DN20011_c1_g2,-0.795674380558298,8.45660518637762,-4.62663117149044,0.0010429300305483,0.0133988892398167,-1.22157026721299
Tpr_TRINITY_DN11650_c4_g7|Tdu_TRINITY_DN21988_c4_g2,-1.70796559432984,8.41065455405518,-4.14253980758842,0.00217802396118025,0.0214743341670675,-1.9844650985597
Tpr_TRINITY_DN14200_c0_g1|Tdu_TRINITY_DN20775_c0_g1,-1.6103530755076398,3.5737914673043503,-3.41283361943897,0.0070070728321094105,0.0449130334468404,-2.3637292663395297
Tpr_TRINITY_DN13792_c2_g6|Tdu_TRINITY_DN15145_c0_g1,-1.15348456204307,7.35746342811604,-3.68780073938361,0.00447754797769914,0.0339125947842631,-2.66028563041421
Tpr_TRINITY_DN1329_c0_g1|Tdu_TRINITY_DN3712_c0_g1,-1.73589145473368,3.84768241259731,-4.035373723074,0.0025749499862981803,0.0237033342488699,-1.4208838316940502
Tpr_TRINITY_DN12145_c2_g1|Tdu_TRINITY_DN25508_c0_g1,-1.16419416523722,6.70753811151644,-4.88169267655459,0.00071712317214938,0.0104288926816443,-0.67422701862857
Tpr_TRINITY_DN15063_c2_g3|Tdu_TRINITY_DN18415_c1_g5,-1.8596539430239696,4.23544338432567,-4.33564125153363,0.00161724876482216,0.0176676394864281,-1.03114501014072
Tpr_TRINITY_DN11009_c2_g2|Tdu_TRINITY_DN22916_c2_g3,-1.6247832382553795,8.80472470384627,-10.1354846235676,1.91345960678004e-06,0.000426546346938426,5.44135046097422
Tpr_TRINITY_DN12945_c0_g1|Tdu_TRINITY_DN20774_c0_g1,-3.35678704225984,2.9633092007616604,-3.74796874900932,0.00406423389218067,0.0317441298699869,-1.68797907363037
Tpr_TRINITY_DN10632_c3_g8|Tdu_TRINITY_DN25047_c5_g8,-1.9561702394521,5.264259716573849,-6.67793427326964,6.64096109674527e-05,0.00226135202653902,2.04765547124538
Tpr_TRINITY_DN15421_c3_g5|Tdu_TRINITY_DN22799_c6_g2,-0.987961321278294,7.32912424440676,-3.79243312127202,0.00378457671583935,0.0304241605772348,-2.48654826019133
Tpr_TRINITY_DN13293_c2_g2|Tdu_TRINITY_DN11835_c0_g1,-1.02133321740389,7.51895585810793,-5.077650715839232,0.000541244158070442,0.00859252206879836,-0.4675110271376961
Tpr_TRINITY_DN13133_c0_g1|Tdu_TRINITY_DN19273_c2_g1,-1.09558027883542,6.40640605809404,-5.0342689767302105,0.0005757569495433018,0.00886539819184629,-0.402409805010626
Tpr_TRINITY_DN11684_c4_g5|Tdu_TRINITY_DN23327_c1_g1,-0.8415488735535541,6.7054702523104,-3.5743602855066605,0.0053807586047954796,0.0386926739078929,-2.77748962003402
Tpr_TRINITY_DN15230_c9_g2|Tdu_TRINITY_DN17805_c2_g6,-2.3882285735193904,3.8409551428447,-5.2070111511020984,0.00045085615878482683,0.007573648875065679,0.31766112144603903
Tpr_TRINITY_DN11026_c7_g4|Tdu_TRINITY_DN19335_c3_g4,-6.332035677829912,2.8928590061007102,-8.19565733074898,1.2145555429654699e-05,0.0009060167735715312,3.32086618536884
Tpr_TRINITY_DN13502_c4_g5|Tdu_TRINITY_DN22348_c3_g5,-1.33692325789245,5.02812088048226,-4.44425990175322,0.00137103542154882,0.016012907498313998,-1.05323429369427
Tpr_TRINITY_DN10592_c3_g1|Tdu_TRINITY_DN18033_c4_g1,-1.4357241410978,4.19129786039968,-3.47869610315438,0.00628964772024406,0.0420053246576995,-2.39806706562329
Tpr_TRINITY_DN10717_c1_g1|Tdu_TRINITY_DN15760_c0_g1,-1.4145404812310902,7.04100148637416,-7.70296793317743,2.05124136847249e-05,0.00112790925381074,3.0392420144635497
Tpr_TRINITY_DN13324_c0_g1|Tdu_TRINITY_DN24754_c3_g1,-2.3097195153877204,4.99209559999053,-7.074722533427781,4.15446378669466e-05,0.0017758732265379996,2.56894928843858
Tpr_TRINITY_DN10663_c5_g2|Tdu_TRINITY_DN15135_c0_g1,-0.6690400311528609,8.04875087576608,-3.34980135271799,0.0077733297645585205,0.0478465849985662,-3.29124938603688
Tpr_TRINITY_DN12344_c2_g1|Tdu_TRINITY_DN25060_c0_g1,-0.846166518385552,8.94320987656253,-4.18959324320426,0.0020246653815661608,0.020443475416681,-1.93678922286807
Tpr_TRINITY_DN11305_c3_g1|Tdu_TRINITY_DN19745_c1_g3,-2.32263284407282,6.67932492870772,-6.79385154811509,5.779231050301529e-05,0.0021324646502808397,2.01505222755086
Tpr_TRINITY_DN9512_c0_g1|Tdu_TRINITY_DN17588_c3_g1,-1.65012247383634,4.14314662611546,-3.5294155010899,0.00578942685701462,0.0402963651617355,-2.2933306376700098
Tpr_TRINITY_DN12009_c6_g3|Tdu_TRINITY_DN18335_c0_g1,-2.19178363263874,5.811227390274018,-8.2910071288103,1.10049497214211e-05,0.0008984389814964131,3.83424219609052
Tpr_TRINITY_DN11793_c6_g1|Tdu_TRINITY_DN15554_c0_g1,-2.13305781983359,3.39283248244954,-3.4684581427841605,0.00639595729229356,0.0423046156750901,-2.2197596917436604
Tpr_TRINITY_DN6489_c0_g1|Tdu_TRINITY_DN15774_c0_g1,-4.32045933676613,1.73018322198273,-6.10701161194419,0.000134955996608684,0.0035791545338534603,1.31589525438292
Tpr_TRINITY_DN15966_c2_g4|Tdu_TRINITY_DN24066_c1_g1,-3.70899355930703,3.1991422178884306,-4.02831911720496,0.00260362487899712,0.0238607755577425,-1.27806555687058
Tpr_TRINITY_DN13754_c2_g6|Tdu_TRINITY_DN14664_c0_g1,-1.8971446346536895,5.82202358548398,-8.26181564539506,1.1341214638653697e-05,0.0009019320871188119,3.79374528274904
Tpr_TRINITY_DN11434_c2_g1|Tdu_TRINITY_DN20705_c1_g2,-0.8629532554647769,8.16768852656597,-5.09440825859091,0.000528511708952737,0.00848581917242102,-0.489938243579993
Tpr_TRINITY_DN11366_c4_g1|Tdu_TRINITY_DN17841_c7_g1,-0.906334174664413,8.12213275021536,-4.05963639122763,0.00247884424446151,0.0231808473110187,-2.11108035098754
Tpr_TRINITY_DN10723_c4_g1|Tdu_TRINITY_DN22749_c1_g3,-0.903784556787889,7.885199204458621,-5.12226370317805,0.000508051695366656,0.00826510923744414,-0.430182172364495
Tpr_TRINITY_DN15565_c0_g4|Tdu_TRINITY_DN22913_c5_g1,-1.27246981196512,6.87876545677643,-5.9415964017192495,0.000167053242967858,0.00413770314714383,0.840850492835604
Tpr_TRINITY_DN11263_c0_g6|Tdu_TRINITY_DN19124_c3_g1,-0.8531838137477291,7.4154478967972,-3.87027635284552,0.00334248863103494,0.0282506582970063,-2.36713515427265
Tpr_TRINITY_DN12465_c8_g1|Tdu_TRINITY_DN21165_c3_g5,-4.03698206193533,3.15493438205031,-5.32516935718576,0.000382351789738214,0.00688567153222879,0.465115757086989
Tpr_TRINITY_DN6010_c0_g1|Tdu_TRINITY_DN47038_c0_g1,-5.63774106195947,1.6166759939980702,-6.717248759449179,6.334017168926129e-05,0.00218953884597832,1.9651517729692
Tpr_TRINITY_DN11397_c3_g1|Tdu_TRINITY_DN22539_c0_g2,-0.7252372056088922,7.94695189905905,-4.68056523473982,0.000962764575680425,0.0126317616027082,-1.10951012360924
Tpr_TRINITY_DN11730_c1_g1|Tdu_TRINITY_DN19712_c3_g2,-1.76435241315804,5.14315164572317,-6.81853089189188,5.61190550509641e-05,0.0021123123249642104,2.23106961469932
Tpr_TRINITY_DN16021_c4_g3|Tdu_TRINITY_DN22129_c6_g4,-1.37361060852947,4.38398752186704,-3.4126008432417296,0.00700975379412974,0.0449130334468404,-2.55468794878629
Tpr_TRINITY_DN10351_c7_g3|Tdu_TRINITY_DN20767_c4_g2,-1.40925425740182,5.81823783716214,-5.524824245646349,0.000290720248031282,0.00583421071961561,0.4135146362934989
Tpr_TRINITY_DN13294_c2_g1|Tdu_TRINITY_DN22652_c1_g7,-0.857591585205071,6.4785560455520494,-3.69918294697823,0.00439611362528108,0.0335422249595914,-2.53656627127493
Tpr_TRINITY_DN15290_c2_g4|Tdu_TRINITY_DN18903_c0_g1,-1.9962121070636296,3.5634824562717498,-3.79549363433249,0.0037660848400710603,0.030335098145887,-1.73374293652908
Tpr_TRINITY_DN15802_c0_g5|Tdu_TRINITY_DN14937_c0_g1,-4.56331358021681,1.91409585597599,-5.46444383313569,0.000315647666498789,0.0061402404558538,0.6089706612567379
Tpr_TRINITY_DN14132_c1_g1|Tdu_TRINITY_DN17942_c0_g1,-0.876913461844942,6.2966938502840994,-3.84510289966241,0.0034792021808191893,0.0288696776533166,-2.265938739503
Tpr_TRINITY_DN11512_c1_g1|Tdu_TRINITY_DN22163_c4_g7,-2.0632686545627297,5.49924728058834,-7.0761423873458495,4.147634995315271e-05,0.0017758732265379996,2.5055086351885296
Tpr_TRINITY_DN11554_c0_g2|Tdu_TRINITY_DN23813_c3_g2,-1.8003592308012,4.19586949453636,-5.049226322484482,0.000563598504988888,0.00876866022504862,0.0328547980105629
Tpr_TRINITY_DN10402_c1_g5|Tdu_TRINITY_DN5336_c0_g1,-1.6256385604131898,3.51546772212819,-3.3206577082237203,0.00815645742011249,0.0494665152949175,-2.4905521631554
Tpr_TRINITY_DN14530_c5_g4|Tdu_TRINITY_DN18305_c0_g1,-1.1625236918063202,5.96122090500484,-3.39408469642025,0.007226454066820509,0.0456734047073836,-2.9496596840680898
Tpr_TRINITY_DN13270_c4_g1|Tdu_TRINITY_DN23742_c4_g1,-1.06948821191733,10.839578141813801,-7.3275767949158,3.11075220666241e-05,0.00150043767254688,2.4463776044269903
Tpr_TRINITY_DN12400_c4_g1|Tdu_TRINITY_DN21299_c0_g4,-0.7989489159137121,9.004942120367401,-5.7954801353767085,0.000202318654245472,0.00463709512735469,0.492425771620375
Tpr_TRINITY_DN14787_c0_g3|Tdu_TRINITY_DN18561_c2_g5,-2.02704762100485,3.77299463757206,-4.37196963656347,0.0015300523963587,0.0171235708227319,-0.886063224066547
Tpr_TRINITY_DN14933_c1_g3|Tdu_TRINITY_DN26200_c0_g1,-1.4735689277234598,5.17943848285482,-5.13578214809725,0.000498429715443499,0.008222096585955959,-0.0299137297165961
Tpr_TRINITY_DN15748_c2_g1|Tdu_TRINITY_DN17389_c3_g2,-1.4674541588083,3.7344434624062495,-3.36253226737744,0.00761185611150907,0.047369469278755,-2.4874364196303502
Tpr_TRINITY_DN14467_c3_g3|Tdu_TRINITY_DN15640_c0_g1,-1.2288977051766898,4.27198285965269,-3.7878385457601897,0.0038125164130031397,0.0305594124144314,-1.93347039363957
Tpr_TRINITY_DN12802_c2_g3|Tdu_TRINITY_DN11267_c0_g1,-1.635775175811,4.34874699883611,-3.6435992666833,0.0048090433825910715,0.0357689411079783,-2.16008393127066
Tpr_TRINITY_DN13112_c3_g8|Tdu_TRINITY_DN18630_c3_g1,-1.22040940653033,9.898830723142213,-6.603726733204969,7.26520639504635e-05,0.00237791358517231,1.55916843821703
Tpr_TRINITY_DN12693_c0_g2|Tdu_TRINITY_DN14875_c0_g1,-3.5711402726664305,4.66474470239109,-7.72607741860528,2.0003162750301894e-05,0.00110728917023147,3.30996411574456
Tpr_TRINITY_DN15376_c1_g2|Tdu_TRINITY_DN22483_c4_g1,-0.649324981810522,7.42864538601825,-3.3233093093545403,0.00812080526023761,0.0493333875328833,-3.2864304262023403
Tpr_TRINITY_DN11216_c3_g1|Tdu_TRINITY_DN24910_c0_g1,-0.6545601504521701,7.5612045923603795,-3.821023508395741,0.0036154734469032203,0.0296131330586473,-2.4638127713489704
Tpr_TRINITY_DN12006_c1_g1|Tdu_TRINITY_DN19850_c1_g1,-3.70585677886275,1.9845707742472,-4.132308693294,0.00221296625495165,0.0216262389464943,-1.11974244491805
Tpr_TRINITY_DN13308_c0_g2|Tdu_TRINITY_DN17203_c3_g2,-2.09528982298826,3.7744372822433,-5.3336077682855,0.000377906666703048,0.0068420703113509715,0.487705808743644
Tpr_TRINITY_DN13674_c1_g3|Tdu_TRINITY_DN21266_c1_g3,-0.867981642600565,7.735717819619322,-5.06325704372634,0.0005524429498335621,0.00867914180995662,-0.508169818241383
Tpr_TRINITY_DN12580_c1_g4|Tdu_TRINITY_DN21784_c3_g1,-1.47163922400116,6.8269978223279,-5.4386563067709,0.00032698587787021404,0.00630135402026525,0.14478602336946
Tpr_TRINITY_DN11405_c6_g1|Tdu_TRINITY_DN18615_c8_g1,-0.8858038001695359,6.83754002947023,-4.88925927339469,0.00070930094194634,0.0103545383525193,-0.6832577279429201
Tpr_TRINITY_DN15362_c1_g2|Tdu_TRINITY_DN22367_c0_g1,-2.02615245951144,4.34666879865056,-5.388476992457732,0.000350323336944951,0.006535575030047,0.496871135251331
Tpr_TRINITY_DN14252_c3_g1|Tdu_TRINITY_DN16975_c2_g8,-0.6538261380440029,8.35421455550386,-3.7787408268242495,0.0038684795327793,0.0308879178958022,-2.58829031313724
Tpr_TRINITY_DN11414_c1_g1|Tdu_TRINITY_DN24434_c2_g2,-0.6321281039737231,8.19459740637287,-3.35955293632154,0.007649330907729241,0.0474017139947038,-3.28383739906755
Tpr_TRINITY_DN11989_c1_g8|Tdu_TRINITY_DN18271_c1_g2,-0.61370093974101,8.43292427773878,-3.3773278333181,0.00742854952293125,0.0465936703156935,-3.26619743152693
Tpr_TRINITY_DN15841_c3_g2|Tdu_TRINITY_DN23698_c3_g1,-2.5155033525932,4.25030165079681,-4.6096333751311915,0.0010696455034628401,0.0136246919663042,-0.583641857168013
Tpr_TRINITY_DN11770_c4_g3|Tdu_TRINITY_DN13430_c0_g1,-1.3638723655683702,6.0453366566536,-4.18042304645636,0.00205363256342385,0.0206062790548904,-1.66212062234653
Tpr_TRINITY_DN12623_c0_g1|Tdu_TRINITY_DN20288_c7_g2,-1.9498066988339,4.79611058489785,-5.29611073634322,0.00039809379058616,0.0070460892376709204,0.29384663881934603
Tpr_TRINITY_DN14335_c0_g4|Tdu_TRINITY_DN16242_c0_g1,-3.73952916085863,2.20636442991414,-4.795044238897701,0.0008135708635309388,0.0113908331181603,-0.224228237065976
Tpr_TRINITY_DN13797_c3_g1|Tdu_TRINITY_DN19959_c0_g3,-2.03081350292769,5.09873566290645,-5.08740920718268,0.000533790160035832,0.00851586313341497,-0.0631023918745139
Tpr_TRINITY_DN12438_c5_g1|Tdu_TRINITY_DN22326_c6_g2,-1.6141807727149702,4.61018286165198,-4.86597049077709,0.000733672847285641,0.0105057875771041,-0.315496512643874
Tpr_TRINITY_DN12722_c5_g2|Tdu_TRINITY_DN16579_c1_g2,-3.97071902707739,2.78228062201421,-6.14370899383463,0.000128780094901741,0.00348255154999856,1.3884009820638998
Tpr_TRINITY_DN12141_c2_g2|Tdu_TRINITY_DN23282_c7_g1,-2.21945604575827,5.88181485327791,-8.49227242897368,8.96248502270368e-06,0.0008525819562818862,4.0371554650372
Tpr_TRINITY_DN6283_c0_g1|Tdu_TRINITY_DN13460_c0_g1,-4.36599125065233,4.02441153987883,-8.60547655286906,7.998460528489059e-06,0.000814460523937997,3.94188531232048
Tpr_TRINITY_DN8010_c0_g1|Tdu_TRINITY_DN15834_c0_g2,-1.7184380879771102,4.7778336020405305,-6.53451693974221,7.905047434301609e-05,0.00254690747023905,1.92586094024001
Tpr_TRINITY_DN11414_c1_g7|Tdu_TRINITY_DN20357_c2_g6,-1.6195599862306205,4.753347466501982,-5.25667900170775,0.000420577595409036,0.00731840507791926,0.222734329318852
Tpr_TRINITY_DN14814_c1_g1|Tdu_TRINITY_DN18597_c3_g2,-1.52601634996541,3.819262877172661,-4.10766970532305,0.00229956779716016,0.0222354457104068,-1.31631809139834
Tpr_TRINITY_DN11643_c3_g4|Tdu_TRINITY_DN18401_c0_g2,-1.8095626944361696,7.05120573583809,-7.892406618058749,1.6719819764059806e-05,0.00102914233891019,3.26126938882209
Tpr_TRINITY_DN13347_c0_g1|Tdu_TRINITY_DN21980_c2_g1,-1.11933946700787,10.4736383523207,-4.72567598643255,0.000900755977935259,0.0121197965840294,-1.12302711805818
Tpr_TRINITY_DN13028_c2_g7|Tdu_TRINITY_DN19220_c2_g1,-0.7248173282759699,11.2281479729151,-3.82235013745332,0.0036078218535455296,0.029609268306511,-2.58994174150783
Tpr_TRINITY_DN10419_c2_g1|Tdu_TRINITY_DN5615_c0_g1,-1.15661506854075,4.87872083573055,-4.11698942329186,0.00226639724987288,0.0219920523728842,-1.5402757628990098
Tpr_TRINITY_DN15253_c3_g1|Tdu_TRINITY_DN23736_c2_g1,-1.74481431035793,6.96289160087204,-9.89939040084088,2.35713849719172e-06,0.00047020873393251297,5.3132691381887005
Tpr_TRINITY_DN12979_c6_g1|Tdu_TRINITY_DN35654_c0_g1,-6.56416865159307,2.12370603445536,-7.3185429806661,3.14268144721487e-05,0.00150702538236211,2.56507232308868
Tpr_TRINITY_DN15806_c1_g1|Tdu_TRINITY_DN9488_c0_g1,-1.6535695540907902,4.12791504907525,-3.90838892255447,0.0031461413660487107,0.0272864079780964,-1.67647928706518
Tpr_TRINITY_DN12103_c5_g2|Tdu_TRINITY_DN25537_c1_g1,-0.7237779693585709,8.34748305496047,-3.5716416517736103,0.005404603124999689,0.038762753543476,-2.93405599261283
Tpr_TRINITY_DN12165_c5_g1|Tdu_TRINITY_DN22677_c4_g3,-3.04769162774676,2.5644460377763703,-3.89911680366989,0.00319276619519825,0.0274311828937449,-1.45317532942154
Tpr_TRINITY_DN11698_c7_g2|Tdu_TRINITY_DN23245_c2_g1,-0.91967453830554,5.81813183715802,-3.7038396414714105,0.00436324494718714,0.0334150829381611,-2.41233857990284
Tpr_TRINITY_DN13707_c3_g6|Tdu_TRINITY_DN18541_c0_g1,-1.67131163245835,5.896230705726559,-3.8596225756709903,0.00339964637439837,0.0284672926863327,-2.14620868351323
Tpr_TRINITY_DN15545_c0_g3|Tdu_TRINITY_DN16825_c0_g1,-1.0046132301336,5.99626834639843,-4.3976911574588105,0.00147133821037821,0.0167387552540683,-1.31909074325953
Tpr_TRINITY_DN14212_c1_g7|Tdu_TRINITY_DN21615_c5_g4,-1.69163062974666,4.15230336324689,-3.3264391028077,0.00807893076805228,0.0492134571454174,-2.63023059762696
Tpr_TRINITY_DN11635_c2_g2|Tdu_TRINITY_DN20584_c1_g2,-2.5427759023994603,6.59500714612922,-6.86546989530282,5.30798578006859e-05,0.00203629147507003,2.12744730779671
Tpr_TRINITY_DN14704_c1_g4|Tdu_TRINITY_DN24193_c2_g1,-1.40125389792588,5.30032084329204,-5.4312307773422095,0.000330331349390809,0.00630688187448008,0.366859501480056
Tpr_TRINITY_DN12500_c1_g1|Tdu_TRINITY_DN13289_c0_g1,-4.12999094826682,3.0772606581207,-7.04693030964774,4.29062010191743e-05,0.0017993764052463398,2.31436018797819
Tpr_TRINITY_DN14438_c3_g5|Tdu_TRINITY_DN24970_c1_g1,-2.56676998602904,4.00214567169291,-5.9936864208946,0.00015613629173217701,0.0039382634073608395,1.34011919153781
Tpr_TRINITY_DN11349_c1_g2|Tdu_TRINITY_DN18586_c1_g3,-0.941125423045986,6.22981888144912,-4.08598924226139,0.00237873093890602,0.0225728427081793,-1.8600298819633
Tpr_TRINITY_DN11568_c0_g5|Tdu_TRINITY_DN15770_c0_g1,-1.64339795312233,3.52390029854932,-3.93415930842139,0.00302027571318783,0.0264450467965746,-1.52471669043481
Tpr_TRINITY_DN16077_c4_g1|Tdu_TRINITY_DN24960_c7_g3,-1.01175183676949,4.70315644240092,-3.50982598405759,0.00597753693708419,0.0408230992931642,-2.49404187362313
Tpr_TRINITY_DN10805_c2_g3|Tdu_TRINITY_DN17390_c3_g2,-1.03099328458339,5.71048286170058,-4.19191740602842,0.00201739255423775,0.0204165077145435,-1.5943332722781798
Tpr_TRINITY_DN12052_c7_g6|Tdu_TRINITY_DN19059_c0_g2,-1.70307454309724,3.9521825612568895,-3.6708399621477903,0.00460183203914611,0.0346313053456908,-2.02450676927971
Tpr_TRINITY_DN10281_c1_g4|Tdu_TRINITY_DN24944_c1_g2,-0.782274165701731,7.044203212222179,-4.34057950034644,0.00160509263953692,0.0176047926740698,-1.56500908824554
Tpr_TRINITY_DN13610_c1_g3|Tdu_TRINITY_DN13131_c0_g1,-2.9332219562987407,8.21657993058022,-3.87650332519708,0.00330954889602946,0.0281310754098604,-2.38234370005318
Tpr_TRINITY_DN36807_c0_g1|Tdu_TRINITY_DN36568_c0_g1,-1.6706699508400402,3.52749726730017,-3.5257692370705898,0.00582396812551049,0.0403986757972765,-2.17323778770535
Tpr_TRINITY_DN14124_c2_g8|Tdu_TRINITY_DN4598_c0_g1,-2.03602947634701,4.56318735612247,-5.46631538891743,0.000314841400768276,0.0061402404558538,0.565532585592651
Tpr_TRINITY_DN15009_c3_g3|Tdu_TRINITY_DN18358_c0_g3,-1.1492642588161202,4.28259150739742,-3.4440671550639,0.0066568175816378895,0.0434717288294008,-2.50105626042499
Tpr_TRINITY_DN10651_c5_g2|Tdu_TRINITY_DN20681_c3_g1,-1.74202439522507,5.53640263367553,-4.8920249823971,0.000706464594552363,0.0103314183969289,-0.450906401261816
Tpr_TRINITY_DN15611_c1_g3|Tdu_TRINITY_DN51033_c0_g1,-4.18923378128685,3.06700103129942,-4.45835281368281,0.00134213229054576,0.0159279239315416,-0.6663477275213979
Tpr_TRINITY_DN12375_c0_g2|Tdu_TRINITY_DN24065_c1_g1,-0.6859701029269629,7.56701307896659,-3.69488663899525,0.00442666822866077,0.0336508382949253,-2.67405893170978
Tpr_TRINITY_DN10300_c2_g2|Tdu_TRINITY_DN11479_c0_g1,-1.6980181721211698,6.78430470409696,-9.05998768485821,5.12440262919574e-06,0.0006502472751631768,4.51951354222533
Tpr_TRINITY_DN11112_c1_g3|Tdu_TRINITY_DN9912_c0_g1,-2.05326010732383,4.6490369870498,-4.19561995115739,0.00200586345622398,0.0203497684956155,-1.31465888539803
Tpr_TRINITY_DN15450_c1_g5|Tdu_TRINITY_DN10278_c0_g1,-2.12730074581856,3.43700534737444,-4.33896446020318,0.00160905757087081,0.0176248430870418,-0.882811758725927
Tpr_TRINITY_DN12722_c5_g1|Tdu_TRINITY_DN24413_c1_g1,-1.74503292179962,3.88370417310691,-4.07540539514288,0.00241841616675161,0.0227424547735308,-1.36693060362628
Tpr_TRINITY_DN11610_c1_g15|Tdu_TRINITY_DN23282_c8_g4,-2.03081347080441,3.5822856154617404,-3.56941177490914,0.0054242430531727896,0.0388698146851166,-2.1030475577418404
Tpr_TRINITY_DN12810_c4_g1|Tdu_TRINITY_DN24212_c2_g2,-1.79147125875947,6.6179384592854,-9.69334028283107,2.83737740686238e-06,0.00049886381087871,5.1475766810913886
Tpr_TRINITY_DN15946_c0_g1|Tdu_TRINITY_DN16713_c0_g2,-0.788127940452231,6.45651731821154,-4.11821734781142,0.00226206465399282,0.0219864369239054,-1.84570280805163
Tpr_TRINITY_DN12429_c1_g1|Tdu_TRINITY_DN22732_c2_g1,-1.47569332487138,6.430332083224009,-8.135750332793501,1.29277816637706e-05,0.000918181183230609,3.5844038763745405
Tpr_TRINITY_DN13114_c0_g2|Tdu_TRINITY_DN6750_c0_g1,-1.26462471871926,6.41302600322197,-5.63183187190911,0.000251595324308764,0.0053073100636795,0.4700479032834161
Tpr_TRINITY_DN15505_c4_g12|Tdu_TRINITY_DN15879_c0_g1,-3.8430057957167705,3.84526086419916,-4.44130386850129,0.00137718140078074,0.0160416427074455,-0.726723523886658
Tpr_TRINITY_DN10195_c0_g4|Tdu_TRINITY_DN19802_c1_g3,-1.03758292937811,6.810290947157888,-4.0550877021395895,0.00249656957819754,0.0232553255174115,-1.9927446654300505
Tpr_TRINITY_DN15847_c2_g1|Tdu_TRINITY_DN17681_c8_g1,-1.00939951115465,7.13672214790074,-5.75080004759388,0.000214646340216592,0.00479784014662994,0.5445288031714121
Tpr_TRINITY_DN12916_c2_g10|Tdu_TRINITY_DN19142_c4_g1,-2.03993976078657,6.7218890541046905,-6.758930385407242,6.025313029275379e-05,0.0021324646502808397,1.9560488134443403
Tpr_TRINITY_DN10811_c3_g10|Tdu_TRINITY_DN16300_c1_g2,-1.60865343844536,7.4241361336619285,-7.90679948598308,1.64646311006907e-05,0.00102105471668043,3.24204713843183
Tpr_TRINITY_DN10786_c2_g5|Tdu_TRINITY_DN17811_c0_g1,-1.8577189939380905,3.38411241161566,-3.69998186369388,0.00439045622637007,0.0335300768102781,-1.8610903348414
Tpr_TRINITY_DN14637_c2_g2|Tdu_TRINITY_DN14072_c0_g1,-1.60656623521797,5.09487601173072,-3.4302201505622203,0.0068098022033178,0.0441566419598783,-2.6888945916588
Tpr_TRINITY_DN14782_c2_g4|Tdu_TRINITY_DN18885_c7_g2,-0.890013001670884,6.146353447489389,-3.9859977999246494,0.0027828634636072602,0.0248948566679314,-2.00949756641401
Tpr_TRINITY_DN9365_c0_g1|Tdu_TRINITY_DN14182_c0_g1,-3.25637896019674,5.75840598349854,-12.089559282172502,3.93254232131517e-07,0.000174803262870197,7.13403499478663
Tpr_TRINITY_DN2421_c0_g1|Tdu_TRINITY_DN10972_c0_g1,-1.37271391373577,5.96000358176349,-6.4799299818171,8.452781968580508e-05,0.0026430281181075307,1.6801712938653002
Tpr_TRINITY_DN12700_c1_g1|Tdu_TRINITY_DN49964_c0_g1,-0.8785646010562541,5.61082855057059,-3.603038382977701,0.00513580692804353,0.0373217053237912,-2.54170559061777
Tpr_TRINITY_DN14254_c6_g2|Tdu_TRINITY_DN19681_c5_g1,-2.3162884243437003,5.419288386380909,-8.83109534036236,6.39771778910324e-06,0.0007760055341841701,4.417636531018781
Tpr_TRINITY_DN10748_c4_g4|Tdu_TRINITY_DN20107_c4_g3,-0.6116239647039039,7.095098578604831,-3.4362278412208904,0.00674298473019579,0.0438267439358983,-3.06092236518834
Tpr_TRINITY_DN15421_c3_g7|Tdu_TRINITY_DN24698_c0_g3,-3.24856803113738,3.4175462232745,-6.96345457952585,4.72956176913697e-05,0.00191222673881577,2.38023583317447
Tpr_TRINITY_DN11710_c2_g3|Tdu_TRINITY_DN21110_c0_g1,-0.586947489449422,9.97938447143239,-3.86168067514769,0.00338852517115362,0.0284451038418248,-2.5033547922375297
Tpr_TRINITY_DN10486_c0_g1|Tdu_TRINITY_DN17855_c1_g2,-1.09921404201128,4.68948968668154,-3.45113101314155,0.0065801528706435,0.0432110675772831,-2.58344738399052
Tpr_TRINITY_DN11727_c1_g9|Tdu_TRINITY_DN23347_c1_g1,-2.0507580825099097,4.15863304531147,-3.87117727598301,0.0033377016586924107,0.0282506582970063,-1.73348907695039
Tpr_TRINITY_DN10018_c0_g1|Tdu_TRINITY_DN3659_c0_g1,-3.22685123665712,3.81530727971117,-7.527365631185349,2.4876381238101997e-05,0.00126654563241892,3.0210557645286205
Tpr_TRINITY_DN12839_c1_g3|Tdu_TRINITY_DN13710_c0_g1,-1.6216468252917702,6.65967436709047,-8.017117427641821,1.46439784413745e-05,0.000958599477654418,3.43349113517884
Tpr_TRINITY_DN12869_c4_g3|Tdu_TRINITY_DN10875_c0_g1,-5.1731606114137305,1.41831539769675,-7.72803490249206,1.9960663653179e-05,0.00110728917023147,2.84705286842965
Tpr_TRINITY_DN10383_c2_g7|Tdu_TRINITY_DN22414_c2_g3,-4.01485977819986,4.42235278538246,-5.7233809627715715,0.00022261078989789399,0.0049624156623725105,1.00324569055835
Tpr_TRINITY_DN12633_c1_g1|Tdu_TRINITY_DN11559_c0_g1,-1.13403713759595,6.22128561116319,-4.7653610564578495,0.000849722319463862,0.0116614137952378,-0.7817143159356479
Tpr_TRINITY_DN13602_c2_g3|Tdu_TRINITY_DN24179_c4_g1,-1.65545694849665,5.00526711192195,-5.12361166076062,0.0005070833879833942,0.00826510923744414,-0.0135892182987059
Tpr_TRINITY_DN13743_c1_g1|Tdu_TRINITY_DN24778_c11_g1,-0.6266368800811429,8.359331665698349,-4.00929435230282,0.00268264505897408,0.0243952110765361,-2.2076474777947004
Tpr_TRINITY_DN12443_c2_g7|Tdu_TRINITY_DN12629_c0_g1,-1.2209228467613,9.62868143650559,-6.3377304226563,0.000100823537775051,0.00296736304868374,1.2164426585185
Tpr_TRINITY_DN11775_c0_g1|Tdu_TRINITY_DN18970_c4_g6,-2.8209522862649705,3.62332371467976,-5.469696098694731,0.000313390599829284,0.00613977593204736,0.6843466067852301
Tpr_TRINITY_DN12150_c9_g1|Tdu_TRINITY_DN17535_c2_g1,-1.25797907035042,6.65710050523976,-5.32120553061703,0.00038445917862167797,0.0069085387914414,-0.0105681295962476
Tpr_TRINITY_DN14366_c0_g5|Tdu_TRINITY_DN24074_c5_g3,-0.900720535672344,4.8737383802534815,-3.47697294158502,0.00630741147761265,0.0420053246576995,-2.59124239056752
Tpr_TRINITY_DN6282_c0_g1|Tdu_TRINITY_DN13120_c0_g1,-1.53589026387051,4.82090857916119,-5.35029729494476,0.00036927767931365296,0.00673850066145799,0.342101722765687
Tpr_TRINITY_DN11505_c0_g5|Tdu_TRINITY_DN19381_c3_g1,-0.7421239014020992,7.995968770103412,-5.09193622864747,0.0005303696160337309,0.00849415260785673,-0.484038479775846
Tpr_TRINITY_DN11187_c2_g2|Tdu_TRINITY_DN18842_c0_g1,-0.6411727785905439,8.43981376866319,-3.91873735592417,0.00309494824297485,0.0269572047600045,-2.36044112106192
Tpr_TRINITY_DN11135_c3_g1|Tdu_TRINITY_DN22162_c3_g3,-2.71789494866196,3.7489372987919114,-6.013260362474768,0.000152235305140725,0.0038839572149847296,1.3681797992296
Tpr_TRINITY_DN12264_c1_g2|Tdu_TRINITY_DN18678_c6_g7,-0.890439834281266,5.37060830347561,-3.59415846721195,0.00521038638846745,0.0376976025719996,-2.50741921168006
Tpr_TRINITY_DN14119_c4_g4|Tdu_TRINITY_DN18497_c0_g2,-0.9028884670909972,5.55870007445902,-3.41099164927038,0.00702831653942236,0.0449130334468404,-2.8500431911680297
Tpr_TRINITY_DN37558_c0_g1|Tdu_TRINITY_DN21084_c0_g1,-1.34102607816752,5.82970681142393,-6.2833790508859515,0.000107925049749884,0.0031124678683113307,1.44284595111682
Tpr_TRINITY_DN11482_c3_g8|Tdu_TRINITY_DN14824_c0_g1,-4.80525511442771,3.04434053952046,-4.71810034994358,0.000910864399799055,0.0121619128166324,-0.315501256861593
Tpr_TRINITY_DN9791_c0_g1|Tdu_TRINITY_DN24273_c1_g7,-1.61026375366267,4.9038823934661115,-4.87702589117741,0.0007219935465068018,0.0104524971830717,-0.3552967728352721
Tpr_TRINITY_DN11223_c0_g1|Tdu_TRINITY_DN21915_c0_g1,-0.618154798469297,7.37907603100038,-3.98216931274953,0.00279970672789072,0.0250091920281107,-2.18158004363025
Tpr_TRINITY_DN12600_c3_g3|Tdu_TRINITY_DN13591_c0_g1,-0.977527887934757,8.139475910053179,-6.21304560354154,0.000117929158307404,0.00328451554957808,1.1011122449213602
Tpr_TRINITY_DN14130_c1_g1|Tdu_TRINITY_DN15553_c0_g1,-0.60579255041704,7.12340367087564,-3.44101131567811,0.006690269643094079,0.0435871595704897,-3.05614059374115
Tpr_TRINITY_DN10872_c3_g1|Tdu_TRINITY_DN16784_c4_g2,-3.64769154569407,2.07875310235547,-4.96557417013194,0.000635316965221393,0.00952629517995283,-0.00860160051098369
Tpr_TRINITY_DN15929_c3_g2|Tdu_TRINITY_DN21065_c2_g1,-1.30043493858791,4.06194428429411,-3.739845459117201,0.0041176212934736,0.0319842059344523,-1.9607713541619
Tpr_TRINITY_DN12131_c1_g4|Tdu_TRINITY_DN20272_c0_g1,-1.56783888490957,5.7612370759232485,-6.75577695396464,6.04808789560932e-05,0.0021324646502808397,2.06249888633474
Tpr_TRINITY_DN15077_c0_g4|Tdu_TRINITY_DN12981_c0_g1,-1.63731734172209,4.69327684969452,-5.833110468269711,0.000192527761156924,0.0045370542114923,1.0319714183451298
Tpr_TRINITY_DN11946_c4_g1|Tdu_TRINITY_DN19894_c1_g1,-0.746117388004792,7.05097597315392,-4.384354235049799,0.00150147788343707,0.0169646432638205,-1.49609774003052
Tpr_TRINITY_DN11666_c4_g1|Tdu_TRINITY_DN22769_c4_g1,-3.87414556176394,4.30516456676536,-8.250994725821151,1.14686982196098e-05,0.0009019320871188119,3.75885399222168
Tpr_TRINITY_DN10820_c1_g4|Tdu_TRINITY_DN21045_c3_g1,-0.7396263266515991,7.6381476142040015,-4.873868594162491,0.000725308619661432,0.0104588040214876,-0.7884898779752522
Tpr_TRINITY_DN13098_c4_g2|Tdu_TRINITY_DN24420_c1_g1,-1.04359932059096,6.44654423368216,-4.37106904506119,0.0015321526754578198,0.0171235708227319,-1.43365116325622
Tpr_TRINITY_DN14125_c1_g4|Tdu_TRINITY_DN21812_c3_g9,-0.9619708703227522,6.827704429486411,-3.5407475850411405,0.0056834319555518,0.0399292561919858,-2.84808970516653
Tpr_TRINITY_DN13831_c3_g1|Tdu_TRINITY_DN22963_c6_g2,-0.920209928933009,5.4059040083768295,-3.87470713080553,0.0033190153564757303,0.0281638257821109,-2.0521939482675298
Tpr_TRINITY_DN37480_c0_g1|Tdu_TRINITY_DN13570_c0_g1,-2.88115114460298,4.03403130201293,-5.04544511493469,0.000566645962651663,0.00876866022504862,0.0921798759684824
Tpr_TRINITY_DN10442_c4_g1|Tdu_TRINITY_DN20719_c8_g1,-1.49362876323919,4.14366271410043,-4.43697242680774,0.00138623993461552,0.0161038126488857,-0.8744470530959649
Tpr_TRINITY_DN13205_c0_g6|Tdu_TRINITY_DN17177_c10_g1,-3.389774629461109,4.17367427804577,-6.72071764522117,6.30768232963089e-05,0.00218953884597832,2.204527175802009
Tpr_TRINITY_DN15316_c5_g10|Tdu_TRINITY_DN17886_c1_g1,-1.82846304391906,5.52853553332356,-6.261365135075098,0.000110953804814874,0.0031594657584763397,1.47545371185334
Tpr_TRINITY_DN12804_c2_g6|Tdu_TRINITY_DN14232_c0_g1,-2.50415874126701,4.16983526872147,-4.71895410936768,0.000909719175888285,0.0121619128166324,-0.413506232740134
Tpr_TRINITY_DN13672_c4_g2|Tdu_TRINITY_DN25553_c4_g7,-1.81494600785446,4.33466538737851,-5.77438774693497,0.000208040365074557,0.0047140575031179785,1.01176003890124
Tpr_TRINITY_DN12432_c2_g3|Tdu_TRINITY_DN23646_c1_g5,-1.21220079451733,3.90872330999288,-3.36114973479799,0.0076292222747419,0.047369469278755,-2.53635386428971
Tpr_TRINITY_DN12803_c4_g1|Tdu_TRINITY_DN17922_c0_g1,-0.76716476902705,6.306344683557921,-3.33340039867579,0.0079865919623001,0.0488675152114623,-3.1238185429344703
Tpr_TRINITY_DN13306_c1_g1|Tdu_TRINITY_DN18532_c3_g2,-1.40640546704056,6.2241306625771,-4.33325364137146,0.0016231611361033301,0.0177087738764289,-1.45114311617179
Tpr_TRINITY_DN14546_c4_g2|Tdu_TRINITY_DN17353_c3_g1,-0.5962410713846921,8.01784827476112,-3.83864431531034,0.0035152155537359303,0.029109937637765,-2.4697335593899
Tpr_TRINITY_DN11701_c5_g2|Tdu_TRINITY_DN18513_c0_g6,-1.19437359122078,5.762178554586471,-5.65024198194771,0.000245455413153681,0.00530596118068021,0.59312855624658
Tpr_TRINITY_DN11685_c4_g4|Tdu_TRINITY_DN16280_c0_g1,-0.726158795684883,7.1955182414213885,-3.51766914855649,0.00590147023994614,0.0406644331988937,-2.93423750405989
Tpr_TRINITY_DN15826_c1_g1|Tdu_TRINITY_DN25537_c0_g1,-1.72337839116824,4.84898288051756,-4.34161444861713,0.00160255728311422,0.0176047926740698,-1.16158813478942
Tpr_TRINITY_DN10387_c0_g3|Tdu_TRINITY_DN25104_c3_g1,-4.64537210563329,2.80897225714235,-6.563122300026442,7.63347701187646e-05,0.00246905562329243,1.8339596285173705
Tpr_TRINITY_DN12317_c2_g1|Tdu_TRINITY_DN24272_c0_g1,-2.66441795206552,5.38708870004773,-8.33739185803738,1.0492793227642098e-05,0.0008831077402203269,3.928957704778101
Tpr_TRINITY_DN11627_c1_g6|Tdu_TRINITY_DN18042_c1_g1,-1.7131836568959902,3.9329380418003295,-4.49427963656168,0.00127133911442254,0.0152634716386566,-0.7378682471506891
Tpr_TRINITY_DN11759_c2_g1|Tdu_TRINITY_DN13930_c0_g1,-0.62941872528303,6.27305380856702,-3.49991718740545,0.00607509760186834,0.0411405939194982,-2.8396250840635497
Tpr_TRINITY_DN15815_c2_g1|Tdu_TRINITY_DN17973_c0_g3,-6.30918917902555,3.86266733358828,-8.042733344722691,1.4253390667430801e-05,0.000958599477654418,3.2127266105518104
Tpr_TRINITY_DN10614_c6_g3|Tdu_TRINITY_DN3639_c0_g1,-0.701281086529942,7.833635337953991,-4.3523107401392505,0.0015766014523093301,0.0174080438803847,-1.61960469241445
Tpr_TRINITY_DN12235_c1_g6|Tdu_TRINITY_DN23881_c0_g2,-6.8947858217218805,2.2588216054341403,-9.88183557052816,2.3943703716253103e-06,0.00047020873393251297,4.482987997648911
Tpr_TRINITY_DN11357_c1_g6|Tdu_TRINITY_DN22683_c2_g1,-6.96824017725663,2.28787663552786,-10.7168044102874,1.16471178183776e-06,0.000320218092553261,4.961915753038901
Tpr_TRINITY_DN14639_c1_g2|Tdu_TRINITY_DN4307_c0_g1,-3.12819651309631,5.1738318077635,-9.28964145973217,4.12004455203415e-06,0.000595450949252305,4.855218512325
Tpr_TRINITY_DN14712_c1_g5|Tdu_TRINITY_DN19427_c1_g5,-0.669584764547674,7.64788085129257,-4.05377297896137,0.00250171765307679,0.0232553255174115,-2.0880652671328
Tpr_TRINITY_DN11999_c7_g2|Tdu_TRINITY_DN20853_c1_g2,-1.7109143056991398,3.44885099415966,-4.23046067153422,0.00190072702854105,0.0195964956642583,-1.06192657309629
Tpr_TRINITY_DN10418_c1_g5|Tdu_TRINITY_DN25185_c2_g1,-1.89516853438631,4.99008745851468,-6.04985437212585,0.00014522175470102,0.0037785142989716397,1.28679349385134
Tpr_TRINITY_DN13333_c0_g1|Tdu_TRINITY_DN15462_c0_g1,-1.32871707386489,7.73518488977347,-6.58890542498942,7.3973501772812e-05,0.00240210016780375,1.62495683332107
Tpr_TRINITY_DN13813_c0_g1|Tdu_TRINITY_DN20215_c2_g3,-1.5747310389436102,5.566815229194652,-3.870189800873161,0.00334294889644498,0.0282506582970063,-2.06586220149326
Tpr_TRINITY_DN10657_c3_g2|Tdu_TRINITY_DN22324_c4_g6,-0.508272232391734,8.331420408146911,-3.53116845471429,0.00577289697726017,0.0402152485375354,-3.00172819747553
Tpr_TRINITY_DN14242_c4_g2|Tdu_TRINITY_DN21501_c3_g1,-1.91696899759275,4.56750917599767,-5.84621258532465,0.000189239740038325,0.00447234778176534,1.08142032912736
Tpr_TRINITY_DN10712_c4_g3|Tdu_TRINITY_DN25098_c3_g2,-1.01696233962377,5.44411777366086,-3.70860471404591,0.004329877243760529,0.0332521671383024,-2.32836183671176
Tpr_TRINITY_DN14132_c4_g2|Tdu_TRINITY_DN17886_c4_g1,-2.39663315836301,7.600251522780651,-9.76543300888954,2.65815065362477e-06,0.00049886381087871,5.15904667511279
Tpr_TRINITY_DN16021_c4_g4|Tdu_TRINITY_DN24331_c2_g1,-0.877117201002138,6.85500066051458,-3.90109604105479,0.003182752996872,0.0273790808226831,-2.25405483286748
Tpr_TRINITY_DN15423_c1_g2|Tdu_TRINITY_DN17634_c2_g1,-1.5762974145519295,6.43589036027254,-7.868217134802589,1.7158467908947198e-05,0.00103828072922269,3.2915876769456203
Tpr_TRINITY_DN15049_c4_g2|Tdu_TRINITY_DN18123_c1_g1,-1.6756686185933798,4.57955346640416,-4.44830499625499,0.00136267230303387,0.016012907498313998,-0.9413709587900072
Tpr_TRINITY_DN11432_c3_g9|Tdu_TRINITY_DN14377_c0_g1,-0.629663100697161,6.1598226886551295,-3.40667808043831,0.00707832725904003,0.0451174986341284,-2.97683818613541
Tpr_TRINITY_DN10951_c0_g2|Tdu_TRINITY_DN17623_c4_g1,-2.6981322189741004,4.92201830033616,-9.14011406892303,4.746443485599089e-06,0.0006314300946648598,4.7146885880526614
Tpr_TRINITY_DN13074_c2_g2|Tdu_TRINITY_DN23500_c0_g3,-2.45257584371668,2.55586153603923,-4.29073473325551,0.00173237611826156,0.0183422827001557,-0.898401392102396
Tpr_TRINITY_DN11552_c0_g3|Tdu_TRINITY_DN19875_c2_g3,-1.93549166701584,4.5557962606539695,-5.50333956008082,0.000299338358493729,0.0059348626211463,0.615066671816185
Tpr_TRINITY_DN14568_c1_g2|Tdu_TRINITY_DN19654_c1_g1,-1.22639986774204,6.4590656260728005,-5.1744421660094915,0.000471975071189991,0.00786434421651524,-0.19935513053326506
Tpr_TRINITY_DN11955_c4_g2|Tdu_TRINITY_DN12686_c0_g1,-1.45339480517003,6.4535322053689885,-6.781714289165442,5.86350062518951e-05,0.0021324646502808397,1.9994871698940104
Tpr_TRINITY_DN10645_c3_g10|Tdu_TRINITY_DN13331_c0_g2,-2.9430688714631,3.63756482572221,-4.3408417206120005,0.00160444986552532,0.0176047926740698,-0.8804528091476479
Tpr_TRINITY_DN14753_c2_g1|Tdu_TRINITY_DN19155_c2_g2,-3.3946897729641896,2.16195180873242,-4.60784550159414,0.00107249756976975,0.0136246919663042,-0.4719059396303789
Tpr_TRINITY_DN13820_c7_g2|Tdu_TRINITY_DN16022_c0_g2,-3.2493748505741604,2.24679291168617,-4.4085360710719685,0.00144730351980953,0.0165796658769291,-0.7384795981081841
Tpr_TRINITY_DN12655_c4_g1|Tdu_TRINITY_DN23417_c1_g2,-1.1121474412011,6.21509958943092,-4.451531262075751,0.00135604093255802,0.0159914308352803,-1.26980674080343
Tpr_TRINITY_DN13806_c2_g3|Tdu_TRINITY_DN22430_c1_g1,-2.51427648043839,4.66340478199422,-5.501587774400999,0.000300053068988604,0.0059348626211463,0.633555782513057
Tpr_TRINITY_DN13698_c0_g1|Tdu_TRINITY_DN21056_c0_g1,-1.25802175751263,6.0946898925087,-5.553192629108371,0.000279747521471488,0.00564146101979665,0.405240368131972
Tpr_TRINITY_DN8877_c0_g1|Tdu_TRINITY_DN14877_c0_g1,-2.4756139714540097,4.56121444859824,-6.26512185563387,0.00011043050103318201,0.0031594657584763397,1.64216864819058
Tpr_TRINITY_DN11158_c2_g9|Tdu_TRINITY_DN23964_c6_g1,-0.8452859719939201,5.8672179921068,-3.8661954097823297,0.0033642628180188604,0.0283530643554434,-2.15561207148851
Tpr_TRINITY_DN12253_c3_g2|Tdu_TRINITY_DN17198_c3_g4,-0.637036346814609,7.46725501039734,-3.79751480084369,0.0037539247312019103,0.0302958622142401,-2.49448569120881
Tpr_TRINITY_DN14712_c1_g4|Tdu_TRINITY_DN43213_c0_g1,-1.50759664921936,4.328749615288641,-4.24091878141278,0.0018703182775948398,0.0194439442496686,-1.21010607066323
Tpr_TRINITY_DN15225_c1_g6|Tdu_TRINITY_DN20898_c0_g1,-0.855220731680468,6.72695090975065,-3.8084409758086095,0.00368889762708351,0.029946877586796,-2.39053430588615
Tpr_TRINITY_DN12619_c0_g5|Tdu_TRINITY_DN11371_c0_g1,-1.26997717354414,5.27573652100087,-4.4227066485435484,0.0014165246335634302,0.0163177306950156,-1.13881544460884
Tpr_TRINITY_DN15394_c3_g2|Tdu_TRINITY_DN15869_c0_g1,-0.736296849176799,10.3912479910274,-5.08832969632706,0.000533092744016293,0.00851586313341497,-0.567666008031948
Tpr_TRINITY_DN11794_c3_g2|Tdu_TRINITY_DN10967_c0_g1,-0.945885719154224,6.69655012593181,-3.94372877972381,0.00297489533677927,0.0261866987596109,-2.16177661757289
Tpr_TRINITY_DN13451_c0_g1|Tdu_TRINITY_DN22188_c3_g5,-1.6051878508771005,6.74989037098094,-6.472302818691031,8.532532599316959e-05,0.00265571052374212,1.5721023337897
Tpr_TRINITY_DN12514_c0_g5|Tdu_TRINITY_DN19685_c5_g1,-5.11404522906266,5.771316764039709,-7.16235873746259,3.7549785337299e-05,0.00168320994272849,2.6989641726601805
Tpr_TRINITY_DN15856_c2_g3|Tdu_TRINITY_DN8556_c0_g1,-1.61246186377796,6.456269476658112,-7.394913271144039,2.8835841679274706e-05,0.0014157025129205804,2.74764415475491
Tpr_TRINITY_DN11221_c3_g4|Tdu_TRINITY_DN17012_c6_g1,-1.2912470210721598,6.58895067963735,-7.137118532825742,3.86557327978206e-05,0.00170498654607714,2.41664837275822
Tpr_TRINITY_DN10669_c9_g1|Tdu_TRINITY_DN23289_c5_g1,-0.967937384937722,9.0409588159791,-5.30359189950503,0.000393975572193847,0.00700325542985959,-0.215002593400864
Tpr_TRINITY_DN12147_c3_g3|Tdu_TRINITY_DN19891_c3_g1,-0.8842260354936241,5.45041631609064,-3.8353113424522,0.00353395319511128,0.0291717976760515,-2.12702296996857
Tpr_TRINITY_DN12454_c4_g7|Tdu_TRINITY_DN19132_c1_g2,-0.754285941209836,7.28368812191384,-3.96667164149612,0.0028689924078145893,0.0253627538903052,-2.19639981195478
Tpr_TRINITY_DN12764_c3_g2|Tdu_TRINITY_DN17508_c3_g3,-1.76021512722926,3.70321023688296,-3.4344825432826,0.00676232551491365,0.0439178431866203,-2.34346625774719
Tpr_TRINITY_DN15126_c1_g4|Tdu_TRINITY_DN21230_c2_g2,-1.25969797450084,5.557357576371371,-4.6874200368958885,0.000953056031420325,0.0125371708886042,-0.780566894643798
Tpr_TRINITY_DN10609_c3_g1|Tdu_TRINITY_DN21711_c4_g6,-5.1882243885265185,2.78295845949944,-5.8764181036405185,0.000181888088207291,0.004386587577584021,1.10490475540931
Tpr_TRINITY_DN14076_c1_g5|Tdu_TRINITY_DN7204_c0_g1,-8.00143215526487,2.76296574563252,-13.090601531847598,1.90468331486495e-07,0.00012171956477708899,6.0755671382306815
Tpr_TRINITY_DN10137_c2_g2|Tdu_TRINITY_DN4820_c0_g1,-0.893425164905496,9.614956068126153,-4.60708019938178,0.0010737208751330901,0.0136246919663042,-1.29059246033822
Tpr_TRINITY_DN11942_c0_g1|Tdu_TRINITY_DN23024_c5_g6,-3.58190205737184,2.6605250395329403,-6.2623379241995085,0.00011081804029561599,0.0031594657584763397,1.50460386439425
Tpr_TRINITY_DN12024_c1_g1|Tdu_TRINITY_DN20284_c3_g4,-2.66965175861324,3.34674212591155,-5.64957796958711,0.00024567403868762703,0.00530596118068021,0.910505426659078
Tpr_TRINITY_DN14921_c2_g2|Tdu_TRINITY_DN24639_c5_g2,-2.19242276506,4.58470535171009,-6.6718681287376205,6.689741688597479e-05,0.00226135202653902,2.12784511579523
Tpr_TRINITY_DN24936_c0_g1|Tdu_TRINITY_DN43447_c0_g1,-2.87340634464511,4.898356842854129,-8.61909912918872,7.890305536120099e-06,0.000814460523937997,4.22132883999089
Tpr_TRINITY_DN12803_c1_g1|Tdu_TRINITY_DN24431_c1_g9,-1.4770972924978605,4.956865886784558,-3.5020395028843,0.00605406311941131,0.0410978704600037,-2.54632285237897
Tpr_TRINITY_DN10604_c4_g1|Tdu_TRINITY_DN17453_c7_g1,-0.6715137798669351,8.55184804411314,-4.2482839620895385,0.0018492119746684802,0.0193803054219386,-1.8274284274864
Tpr_TRINITY_DN11026_c7_g2|Tdu_TRINITY_DN23595_c3_g4,-0.5304440351910139,8.544712342193119,-3.41119635591027,0.00702595233342917,0.0449130334468404,-3.2141393863642
Tpr_TRINITY_DN14839_c1_g3|Tdu_TRINITY_DN22891_c0_g2,-0.855554394845668,5.57969512093285,-3.46962842455001,0.0063837113228553104,0.0422914465790447,-2.75688808516651
Tpr_TRINITY_DN12594_c4_g9|Tdu_TRINITY_DN15314_c0_g2,-1.29379763532201,8.324980184437491,-4.36379639091921,0.0015492257846153302,0.0171978657759182,-1.62738380071078
Tpr_TRINITY_DN9995_c0_g1|Tdu_TRINITY_DN23415_c2_g1,-1.38868871138958,7.2011821653238,-7.2458660950915,3.41290549143797e-05,0.0015814407018753,2.48731888958294
Tpr_TRINITY_DN14519_c0_g1|Tdu_TRINITY_DN21688_c5_g1,-1.82303030047208,4.45217846301226,-5.54903668939167,0.000281326762152207,0.00565947105910099,0.692117028518739
Tpr_TRINITY_DN12781_c3_g1|Tdu_TRINITY_DN25015_c2_g1,-0.855260940818633,8.14707862582162,-4.96282134199292,0.0006378371258375588,0.00953058082229743,-0.687342607275814
Tpr_TRINITY_DN14622_c0_g1|Tdu_TRINITY_DN18692_c4_g1,-1.4772156030113102,6.604777401299268,-5.521391839775911,0.0002920789723188,0.00584725088273171,0.291781213786098
Tpr_TRINITY_DN12979_c6_g3|Tdu_TRINITY_DN16806_c1_g3,-1.34615377881684,4.54631818182023,-4.31827136486135,0.00166078816804737,0.0179061187059539,-1.14617689460389
Tpr_TRINITY_DN12659_c0_g1|Tdu_TRINITY_DN24352_c0_g2,-1.2899873851028798,6.49981759488929,-5.5798530297565305,0.00026984087684910497,0.005509028594681721,0.384998060815714
Tpr_TRINITY_DN10401_c1_g6|Tdu_TRINITY_DN24084_c5_g7,-1.24143916437686,5.45324221253461,-3.9428850025029,0.00297886771598005,0.0261937110036284,-1.93970196235903
Tpr_TRINITY_DN12796_c1_g5|Tdu_TRINITY_DN15046_c0_g1,-0.6256671397969821,6.94344985975341,-3.4611384291447096,0.00647310730470549,0.0427121512393687,-3.0009063653423302
Tpr_TRINITY_DN11349_c3_g5|Tdu_TRINITY_DN17880_c3_g3,-1.02270029637728,5.8119792184213495,-4.0342106258694,0.0025796546229148397,0.0237201687065793,-1.86703449400931
Tpr_TRINITY_DN10383_c1_g1|Tdu_TRINITY_DN18103_c1_g3,-0.857496420840687,7.70873676461607,-5.21688038255391,0.000444658455003471,0.007523689684992409,-0.277055667432279
Tpr_TRINITY_DN11120_c1_g9|Tdu_TRINITY_DN23622_c2_g1,-1.40954733637252,5.21314086084813,-5.439367780184928,0.000326667250683864,0.00630135402026525,0.396777201093245
Tpr_TRINITY_DN12463_c4_g5|Tdu_TRINITY_DN18026_c7_g2,-2.2369863427046,5.10131744019616,-6.298323459072652,0.0001059199796052,0.0030751302008218398,1.6075364909871497
Tpr_TRINITY_DN14060_c3_g2|Tdu_TRINITY_DN45169_c0_g1,-2.95822466315908,2.83321561679751,-3.82568850753451,0.0035886422095046298,0.0295105891764648,-1.5699291621197
Tpr_TRINITY_DN10915_c0_g3|Tdu_TRINITY_DN18032_c0_g1,-1.39926170353506,5.65818390640959,-5.2567805155807,0.000420517992532247,0.00731840507791926,0.0543309336433353
Tpr_TRINITY_DN13348_c2_g2|Tdu_TRINITY_DN17805_c2_g5,-1.10714117061598,7.23191352342319,-4.17249209221533,0.00207903851114513,0.0207579396276198,-1.8509678390191695
Tpr_TRINITY_DN14800_c0_g1|Tdu_TRINITY_DN25162_c0_g1,-2.4346755027749505,2.94192431083628,-4.21847116628428,0.00193623338319743,0.019838575086475,-1.01145527956021
Tpr_TRINITY_DN10548_c2_g3|Tdu_TRINITY_DN25764_c0_g1,-0.9770645098200452,5.45022284786811,-4.547831218093849,0.0011730883912835599,0.0143881319038521,-0.985499468007915
Tpr_TRINITY_DN12290_c2_g4|Tdu_TRINITY_DN24899_c0_g1,-1.37717844013655,6.53166860996453,-4.93121875600314,0.000667547104554269,0.00987648481641382,-0.5697024423907371
Tpr_TRINITY_DN15181_c0_g9|Tdu_TRINITY_DN20057_c3_g8,-3.42512208532079,5.60256014253405,-9.194727321459052,4.50634068501575e-06,0.0006194716328334982,4.77227614812561
Tpr_TRINITY_DN15930_c2_g2|Tdu_TRINITY_DN18914_c2_g1,-2.05447394733864,4.19408233689449,-4.45680533687121,0.00134527413876324,0.0159422716904011,-0.823845278353859
Tpr_TRINITY_DN13698_c2_g5|Tdu_TRINITY_DN17369_c2_g2,-1.16349140445545,5.0328672872515,-4.38959259998318,0.00148956247938829,0.0168994653782594,-1.14278448357902
Tpr_TRINITY_DN12442_c3_g7|Tdu_TRINITY_DN12953_c0_g1,-0.973479354129538,5.6147341756128,-3.36840341381903,0.007538562572126709,0.0470689357266473,-2.93067445474872
Tpr_TRINITY_DN12781_c3_g3|Tdu_TRINITY_DN16594_c9_g2,-1.12101874051688,5.671200917943361,-3.80548111379441,0.0037063957537200897,0.0300003456100915,-2.21352464248083
Tpr_TRINITY_DN14610_c1_g4|Tdu_TRINITY_DN16779_c0_g2,-1.5825138719377898,5.3921870595522785,-6.72413565835523,6.281849822308969e-05,0.00218953884597832,2.07552183138526
Tpr_TRINITY_DN13155_c2_g4|Tdu_TRINITY_DN12675_c0_g1,-1.6549739255770002,4.8461777567653606,-5.3744269620171705,0.00035717404210072,0.00662016067246459,0.3743422856401789
Tpr_TRINITY_DN10965_c9_g8|Tdu_TRINITY_DN12980_c0_g1,-1.1350284083271698,4.96165695798815,-3.69708833540526,0.0044109824993639295,0.0336245689969997,-2.24245550625459
Tpr_TRINITY_DN16062_c2_g1|Tdu_TRINITY_DN23230_c4_g2,-1.2359096430576002,5.94163775688417,-4.36994233152764,0.0015347846033415401,0.0171297745715304,-1.34917515460087
Tpr_TRINITY_DN12442_c2_g1|Tdu_TRINITY_DN21998_c0_g1,-0.663593026138569,8.16089877024847,-4.39894224491267,0.00146854404038547,0.0167387552540683,-1.56662473064369
Tpr_TRINITY_DN11822_c0_g1|Tdu_TRINITY_DN15681_c0_g1,-1.35274839769045,6.7322447224654605,-6.210649499786039,0.000118287184196354,0.00328451554957808,1.22422657385552
Tpr_TRINITY_DN9295_c0_g2|Tdu_TRINITY_DN13443_c0_g1,-2.91637571122989,6.105218310445559,-9.642526093831169,2.97163960404202e-06,0.000500205784778338,5.16162554089238
Tpr_TRINITY_DN14439_c2_g2|Tdu_TRINITY_DN4444_c0_g1,-0.66461463571187,7.2895661639119815,-3.68928700687417,0.00446682550754971,0.0338624786638511,-2.65702387848527
Tpr_TRINITY_DN11765_c4_g4|Tdu_TRINITY_DN20439_c4_g2,-0.8161455240883521,8.21379160883907,-5.11787782856427,0.00051121603212415,0.00830021620661415,-0.457549027515048
Tpr_TRINITY_DN15745_c1_g3|Tdu_TRINITY_DN13173_c0_g1,-2.12231449878391,3.32934029728145,-4.2494266263557,0.00184596011129337,0.0193708384197808,-1.00387821131724
Tpr_TRINITY_DN13576_c2_g15|Tdu_TRINITY_DN11463_c0_g1,-2.27774793299505,5.4552334700275305,-5.04665585566391,0.0005656682524101,0.00876866022504862,-0.17138352198252302
Tpr_TRINITY_DN11157_c0_g1|Tdu_TRINITY_DN19047_c1_g1,-1.43702515185001,9.12027798910033,-8.63504225408862,7.76575070967084e-06,0.000814460523937997,3.95377002898216
Tpr_TRINITY_DN11892_c3_g4|Tdu_TRINITY_DN20048_c1_g1,-1.43579828762825,5.97265854378143,-6.42146866510345,9.08533351936348e-05,0.00276515981061661,1.6052376541153002
Tpr_TRINITY_DN15590_c7_g1|Tdu_TRINITY_DN25519_c1_g2,-1.82483910157866,5.4330406097944115,-6.608620977706032,7.22213406794561e-05,0.0023769657187684198,1.93186450193862
Tpr_TRINITY_DN13817_c0_g1|Tdu_TRINITY_DN49721_c0_g1,-4.754159498496611,1.7612023206244298,-5.80134769483968,0.00020075730262941,0.00463709512735469,0.9951211035927092
Tpr_TRINITY_DN14425_c1_g2|Tdu_TRINITY_DN21044_c4_g4,-1.04676754315644,4.42397148129979,-3.41719411175137,0.00695704760506298,0.0447595387258654,-2.58060051147865
Tpr_TRINITY_DN11905_c2_g10|Tdu_TRINITY_DN36895_c0_g1,-1.11392161824688,6.171712537478268,-3.670037770173201,0.0046077988418581,0.0346445987672248,-2.53041104445952
Tpr_TRINITY_DN10403_c0_g6|Tdu_TRINITY_DN19000_c3_g3,-1.1749315683303705,4.52491344788186,-3.4918216371505,0.00615603370296564,0.0414417569920024,-2.47519015414204
Tpr_TRINITY_DN9611_c0_g1|Tdu_TRINITY_DN19061_c1_g1,-1.10137604441399,7.3724175657618085,-5.39420377431793,0.000347571618244372,0.00650603654373029,0.0143751954006159
Tpr_TRINITY_DN13510_c2_g2|Tdu_TRINITY_DN18204_c10_g6,-1.78000576537749,4.1390809129464605,-5.15853181452742,0.00048267542632219,0.00800360297553809,0.19869424875738104
Tpr_TRINITY_DN11305_c3_g3|Tdu_TRINITY_DN19745_c1_g6,-1.2011279671218,8.73297099867685,-6.93367449474924,4.897764997422751e-05,0.00196010216696246,2.00970672031587
