,logFC,AveExpr,t,P.Value,adj.P.Val,B
Tpr_TRINITY_DN15171_c0_g7|Tdu_TRINITY_DN23860_c1_g4,0.353805798647141,2.38752037814607,0.36896208949014003,0.718160737206635,0.7202365962567321,-6.09685547284217
Tpr_TRINITY_DN12563_c2_g5|Tdu_TRINITY_DN14402_c0_g1,0.353805798647141,3.49013459941907,0.2314851734548,0.820581240588741,0.8219631890271201,-6.139095037988219
Tpr_TRINITY_DN10790_c1_g3|Tdu_TRINITY_DN21835_c0_g1,1.69391903616882,4.51063927100862,1.7033469693816499,0.112537115403639,0.11367013100025501,-4.8995859163190705
Tpr_TRINITY_DN15380_c0_g1|Tdu_TRINITY_DN21504_c2_g5,2.61478388318235,4.706740704500151,1.88553726083628,0.0821540454680385,0.0830718562977968,-4.84468741900975
Tpr_TRINITY_DN11715_c3_g3|Tdu_TRINITY_DN17458_c2_g1,2.0280773166109602,4.79212796091914,1.2180853690443,0.245073514163995,0.24664335900937803,-5.53066295048136
Tpr_TRINITY_DN15215_c2_g3|Tdu_TRINITY_DN18314_c0_g2,1.99392475198461,3.01832744461563,2.01372077297925,0.0654572354416777,0.0662528746229306,-4.41599946863418
Tpr_TRINITY_DN15266_c2_g1|Tdu_TRINITY_DN22627_c4_g1,1.3590610348321102,2.32840874188769,1.46765307982566,0.1662323682276,0.167641628948919,-5.146480268551519
Tpr_TRINITY_DN15090_c0_g8|Tdu_TRINITY_DN23103_c0_g3,0.353805798647141,3.3195169402425897,0.22217850299437303,0.8276652435466411,0.8289594037783109,-6.1412630517050495
Tpr_TRINITY_DN13922_c2_g6|Tdu_TRINITY_DN23234_c2_g2,0.9786288379525221,2.62918462583147,0.9968917643254781,0.337210053814056,0.33912416885382207,-5.67388034120708
Tpr_TRINITY_DN14124_c1_g1|Tdu_TRINITY_DN21141_c4_g5,1.7308500057748797,4.8968860151942,0.9250253867385421,0.371989669364059,0.373830313395428,-5.77394678757684
Tpr_TRINITY_DN12844_c1_g7|Tdu_TRINITY_DN17483_c4_g4,-0.174515034926577,2.2843951153215,-0.19143089685387302,0.851178075716461,0.8522014953097241,-6.14779785953653
Tpr_TRINITY_DN12682_c0_g1|Tdu_TRINITY_DN17771_c4_g3,1.51327263023176,3.1432279650688497,1.9082090060444998,0.0789437946037973,0.0798548320779665,-4.54894333096555
Tpr_TRINITY_DN15735_c1_g1|Tdu_TRINITY_DN14140_c0_g1,0.5994609967025429,2.92907025738575,0.586615931964542,0.5676193023774151,0.5696030285486551,-5.9916593410231105
Tpr_TRINITY_DN13250_c5_g5|Tdu_TRINITY_DN14186_c1_g1,1.1277818302762601,3.17042665916541,0.8971094569063571,0.38615112260538104,0.38801501121455395,-5.7646862318285095
Tpr_TRINITY_DN15794_c0_g1|Tdu_TRINITY_DN25222_c0_g1,1.92688469177212,4.14758846412548,1.8250320558625501,0.0913084631141538,0.0922725209164513,-4.71812834149186
Tpr_TRINITY_DN10274_c0_g15|Tdu_TRINITY_DN17180_c3_g1,0.353805798647141,2.9870149283266003,0.353788115719539,0.729231822896566,0.731251612386766,-6.102451118850309
Tpr_TRINITY_DN14315_c2_g2|Tdu_TRINITY_DN20382_c1_g3,1.28959077266634,2.8668695185676003,1.3326181960656203,0.20579382740141394,0.20726236100285197,-5.311413334405519
Tpr_TRINITY_DN13324_c0_g3|Tdu_TRINITY_DN24754_c3_g3,1.6121732704214298,3.7938205895579795,1.37950692494219,0.19126056251844897,0.19271862343793802,-5.28263431280548
Tpr_TRINITY_DN14629_c2_g3|Tdu_TRINITY_DN19164_c1_g2,1.6603595113451401,3.35096357420219,1.87007570960525,0.0844108090885451,0.0853434685867308,-4.646870522456751
Tpr_TRINITY_DN14649_c1_g2|Tdu_TRINITY_DN22373_c2_g1,0.353805798647141,2.2554115719908596,0.45879635563812005,0.654040073344658,0.656009598981085,-6.05904404622004
Tpr_TRINITY_DN10581_c4_g5|Tdu_TRINITY_DN24672_c4_g9,2.84599998289767,4.04864823750745,2.14048719832609,0.0520747292530725,0.0527654259540441,-4.464015080527361
Tpr_TRINITY_DN8508_c0_g1|Tdu_TRINITY_DN22324_c4_g7,1.6581594492916798,3.2042834261545803,1.2428243570172601,0.236121634806571,0.23769159248480604,-5.44516673713232
Tpr_TRINITY_DN7125_c0_g1|Tdu_TRINITY_DN24941_c1_g7,1.3590610348321102,3.57635056219293,1.72990996602506,0.10756140517683802,0.10865750587256198,-4.78904874812416
Tpr_TRINITY_DN11538_c3_g2|Tdu_TRINITY_DN20645_c1_g1,0.9786288379525221,3.65614767640907,0.872145084708484,0.39912386715403003,0.40095360619997705,-5.78609787564299
Tpr_TRINITY_DN11165_c1_g6|Tdu_TRINITY_DN22103_c1_g1,2.61033639785674,5.50924876433815,1.90717085711303,0.0790882648665425,0.0799912524649216,-4.77184580138404
Tpr_TRINITY_DN5915_c0_g1|Tdu_TRINITY_DN5065_c0_g1,-0.174515034926578,3.1363656788092897,-0.131025894603366,0.8977828465311259,0.8977828465311259,-6.157819558345571
Tpr_TRINITY_DN8297_c0_g1|Tdu_TRINITY_DN20050_c3_g5,1.81865349212186,1.7696280156139401,2.13599483845801,0.0525017848001008,0.0531916731999562,-4.20793200835605
Tpr_TRINITY_DN10471_c5_g7|Tdu_TRINITY_DN18204_c7_g3,1.28959077266634,2.90702401569508,1.4632074378400501,0.167425434792154,0.16882436370964699,-5.149096073046009
Tpr_TRINITY_DN11634_c0_g1|Tdu_TRINITY_DN25436_c0_g1,1.7418951179525899,2.96386326431033,1.74393908542151,0.105012952025284,0.10610882799593901,-4.85886259894989
Tpr_TRINITY_DN14962_c1_g1|Tdu_TRINITY_DN21180_c0_g2,2.39535683292214,4.61451959978949,1.42891758015383,0.17687145948507502,0.17830613112980898,-5.34561790592429
Tpr_TRINITY_DN15989_c3_g2|Tdu_TRINITY_DN16986_c7_g6,1.9207383352832201,3.40561436194637,1.5702700726676597,0.140627287296368,0.141905407333599,-5.090646845919251
Tpr_TRINITY_DN11888_c2_g1|Tdu_TRINITY_DN24096_c5_g3,2.13686213215926,3.16968711361547,1.53408299437989,0.149242649165052,0.15056258051822,-5.109811131115491
Tpr_TRINITY_DN8276_c0_g1|Tdu_TRINITY_DN13363_c0_g1,2.077119705899,3.6441459677923103,1.6631220178224297,0.120458381688505,0.12162688787682599,-4.9777578039093795
Tpr_TRINITY_DN14326_c3_g1|Tdu_TRINITY_DN20239_c7_g1,1.85217941483677,3.4929596346460996,1.68798323840128,0.115506801851801,0.11664141875090302,-4.88808710285453
Tpr_TRINITY_DN9763_c0_g1|Tdu_TRINITY_DN20074_c3_g1,1.8290882268856998,2.83679411686651,1.92500954542904,0.0766389729232933,0.077542251218987,-4.55361382395234
Tpr_TRINITY_DN11579_c1_g6|Tdu_TRINITY_DN16108_c0_g1,1.95554415021625,3.54294700231759,1.2873574202711,0.22066233095722898,0.22218322005814298,-5.41153605202784
Tpr_TRINITY_DN11251_c3_g2|Tdu_TRINITY_DN14548_c0_g1,0.353805798647141,2.4828351908795296,0.326140741086432,0.7495655427956178,0.751279763464024,-6.11205395977139
Tpr_TRINITY_DN6258_c0_g1|Tdu_TRINITY_DN23950_c1_g1,1.6094140541180102,2.15679974060743,1.3510618546198898,0.19997310077968203,0.20144882775132,-5.34835192117904
Tpr_TRINITY_DN13901_c4_g1|Tdu_TRINITY_DN24680_c3_g2,-0.174515034926578,2.8072695057593196,-0.162338754964172,0.8735627058707379,0.8741710262907719,-6.153091221975559
Tpr_TRINITY_DN7364_c0_g1|Tdu_TRINITY_DN17366_c0_g1,2.0848143028422,3.6586856999342,1.3761799527388603,0.19226318977916798,0.19370545448168602,-5.34318716462228
Tpr_TRINITY_DN10133_c0_g1|Tdu_TRINITY_DN17076_c0_g1,1.56335176484613,2.75926718821037,1.4817087904794397,0.16250727218134303,0.16390480322844503,-5.16410680893393
Tpr_TRINITY_DN15184_c2_g2|Tdu_TRINITY_DN13940_c0_g1,0.353805798647141,2.52918386564458,0.287010711721485,0.77867746687484,0.7802704292017799,-6.12433141564561
Tpr_TRINITY_DN15005_c3_g1|Tdu_TRINITY_DN21954_c3_g1,1.6121732704214298,3.07795012237285,1.48329946215913,0.16209017857743802,0.163503926955097,-5.1509942514312
Tpr_TRINITY_DN12746_c4_g13|Tdu_TRINITY_DN12931_c0_g1,0.5994609967025429,2.44352622024773,0.7027454396418779,0.494742657669209,0.496651248994757,-5.91699235770927
Tpr_TRINITY_DN10664_c3_g5|Tdu_TRINITY_DN19851_c7_g1,0.5994609967025429,3.13697158274641,0.558983625502283,0.5857781451801629,0.5877545023394649,-6.007558195049139
Tpr_TRINITY_DN11746_c3_g1|Tdu_TRINITY_DN24203_c0_g2,1.9160151483147099,3.2063061589743196,1.32928067246798,0.20686172752343598,0.208312686550689,-5.39515814041844
Tpr_TRINITY_DN15098_c1_g2|Tdu_TRINITY_DN18284_c0_g6,1.28959077266634,3.59939897276206,1.22495709254385,0.24256057873781497,0.24414383405654397,-5.436663717965491
Tpr_TRINITY_DN12448_c6_g7|Tdu_TRINITY_DN16882_c1_g3,1.40397160505227,3.02508963608595,1.59141543010631,0.135793761445284,0.137044558423813,-4.985556279988651
Tpr_TRINITY_DN11889_c0_g2|Tdu_TRINITY_DN23346_c3_g1,1.6121732704214298,2.43601614276832,1.9258021381149502,0.0765317697299895,0.07744319437861501,-4.5221319413404
Tpr_TRINITY_DN11437_c0_g1|Tdu_TRINITY_DN9625_c0_g1,0.353805798647141,2.97992677915622,0.31798696374387897,0.755600627839945,0.757237504877028,-6.11473951073293
Tpr_TRINITY_DN15821_c0_g2|Tdu_TRINITY_DN23948_c0_g4,1.58807853026065,3.25367793467786,1.64722606133398,0.12372098031304,0.124890847747203,-4.9469790589286795
Tpr_TRINITY_DN10228_c1_g3|Tdu_TRINITY_DN11808_c0_g1,1.6121732704214298,2.9733797389822,2.05924959930951,0.0603211677150942,0.0610766492660007,-4.3146892033124
Tpr_TRINITY_DN36867_c0_g1|Tdu_TRINITY_DN13057_c0_g1,1.38157818429421,3.22907644575575,1.4207248096436298,0.179193083809418,0.18062471963213,-5.209276794304481
Tpr_TRINITY_DN10496_c2_g1|Tdu_TRINITY_DN23241_c2_g2,1.28959077266634,2.9212827114451003,1.0015441687364801,0.335041652784153,0.33698415783713503,-5.66944652238595
Tpr_TRINITY_DN6306_c0_g1|Tdu_TRINITY_DN15448_c0_g1,-0.174515034926578,2.36692613346304,-0.137829347947699,0.8925104746866658,0.892617670275747,-6.15687776597314
Tpr_TRINITY_DN13313_c2_g13|Tdu_TRINITY_DN2713_c0_g1,1.1277818302762601,3.16024191096661,0.9406293171927579,0.36423287256706,0.36607931561447293,-5.72609852093883
Tpr_TRINITY_DN10551_c4_g2|Tdu_TRINITY_DN22824_c4_g1,1.18797257882354,3.61623304889185,1.28726416048569,0.220693837087553,0.22218807658421602,-5.3651568780347
Tpr_TRINITY_DN11170_c0_g2|Tdu_TRINITY_DN19140_c7_g2,0.7612699390926241,2.7436765577275004,0.7613462989683241,0.46018777912483705,0.46201876498342404,-5.87460136851162
Tpr_TRINITY_DN892_c0_g1|Tdu_TRINITY_DN14348_c0_g1,-0.174515034926578,2.3443211913747204,-0.160398335476721,0.875060014091745,0.8753753889166221,-6.15341345629268
Tpr_TRINITY_DN10419_c0_g1|Tdu_TRINITY_DN14990_c0_g1,1.8327962890988703,3.3185249865607704,1.74134922573857,0.10547933884066699,0.10656715051276801,-4.91338166441746
Tpr_TRINITY_DN12184_c5_g1|Tdu_TRINITY_DN12802_c0_g1,1.1277818302762601,2.5709946770766097,0.9807348891287109,0.344818842642431,0.346692405540151,-5.6891415538668
Tpr_TRINITY_DN15421_c2_g1|Tdu_TRINITY_DN15375_c0_g1,1.7934096166398799,3.79561618934822,2.06687707101627,0.0594981286737641,0.0602506284162026,-4.38291823286174
Tpr_TRINITY_DN12190_c1_g3|Tdu_TRINITY_DN11951_c0_g1,0.353805798647141,2.41112883883271,0.330398233773322,0.7464211088849408,0.7483082800005899,-6.110625143716461
Tpr_TRINITY_DN15066_c1_g1|Tdu_TRINITY_DN24974_c7_g2,1.90983178515925,3.5181274335184995,1.9983696429138003,0.0672780307716141,0.0680875257942672,-4.5362154227927896
Tpr_TRINITY_DN13189_c2_g2|Tdu_TRINITY_DN14691_c0_g1,2.0237568233827,2.2683517920620297,2.11717855228934,0.0543263191193647,0.0550267922767243,-4.37147328299287
Tpr_TRINITY_DN10341_c1_g1|Tdu_TRINITY_DN19734_c3_g1,-0.174515034926577,2.9475093550832896,-0.16223063199788199,0.8736461247498271,0.8741710262907719,-6.15310927884239
Tpr_TRINITY_DN13532_c3_g1|Tdu_TRINITY_DN17771_c4_g2,1.4523967843553898,3.1869517807976604,1.3370284182695902,0.204389580573349,0.205872993520536,-5.32325536979354
Tpr_TRINITY_DN1383_c0_g1|Tdu_TRINITY_DN21504_c0_g1,0.88212663222086,3.26694701872975,0.332755568833969,0.744682092727522,0.7466547605228259,-6.1098261905783
Tpr_TRINITY_DN8500_c0_g1|Tdu_TRINITY_DN16625_c0_g1,0.5994609967025429,2.92510993466658,0.629162494456208,0.540261247623928,0.5422147051903641,-5.96576508961187
Tpr_TRINITY_DN12792_c2_g1|Tdu_TRINITY_DN14895_c0_g1,0.5994609967025429,2.7081080002610802,0.4720500727039129,0.6448023582779089,0.6468219777593239,-6.05279251514962
Tpr_TRINITY_DN14438_c3_g3|Tdu_TRINITY_DN25487_c5_g3,1.28959077266634,4.09504842407903,0.7729090265839019,0.45355194955771794,0.455466363237714,-5.86587151348984
Tpr_TRINITY_DN14712_c0_g1|Tdu_TRINITY_DN16544_c0_g1,1.6591245929248402,3.3003366669267304,1.86473590339298,0.0852031525546312,0.0861341084523994,-4.60864803293945
Tpr_TRINITY_DN11477_c1_g2|Tdu_TRINITY_DN18469_c5_g1,-0.174515034926577,2.30781148896482,-0.181542594625892,0.8587725111286899,0.8595983531877149,-6.1496942116327595
Tpr_TRINITY_DN11691_c0_g8|Tdu_TRINITY_DN18744_c1_g5,1.54112377470599,3.1141228550622797,1.86165130161681,0.0856639189290673,0.0865893970529671,-4.60889333425389
Tpr_TRINITY_DN13673_c3_g9|Tdu_TRINITY_DN13580_c0_g1,0.88212663222086,1.88487768708824,0.9861192258197801,0.34226965847423807,0.34417092695507506,-5.6840793167222206
Tpr_TRINITY_DN15383_c4_g13|Tdu_TRINITY_DN17886_c7_g2,2.17001633370087,4.56216849408816,1.6607675042142502,0.12093683680906699,0.122095179450667,-5.05462092369954
Tpr_TRINITY_DN13696_c2_g1|Tdu_TRINITY_DN17214_c4_g2,0.7612699390926241,2.58306552022439,0.770259735277302,0.45506701387983894,0.456932717301027,-5.8678822808075894
Tpr_TRINITY_DN13309_c2_g2|Tdu_TRINITY_DN15005_c0_g1,3.16977928641124,3.66231388912014,2.1346902268721,0.0526264167798423,0.0533114565116481,-4.5416098510191505
Tpr_TRINITY_DN15694_c1_g1|Tdu_TRINITY_DN13416_c0_g1,-0.174515034926577,2.3208878355729197,-0.161842712835251,0.873945424542658,0.8743654391645691,-6.153173963943419
Tpr_TRINITY_DN14731_c0_g6|Tdu_TRINITY_DN12745_c0_g1,-0.174515034926577,2.41942808093565,-0.19745687493114603,0.8465575109786599,0.8476772960460921,-6.14659319775107
Tpr_TRINITY_DN19626_c0_g1|Tdu_TRINITY_DN14218_c0_g1,1.65916398889348,3.24988244343552,1.6095108467384398,0.131772070328149,0.133001942984545,-4.98779132537313
Tpr_TRINITY_DN1574_c0_g1|Tdu_TRINITY_DN12672_c0_g1,-0.174515034926577,2.1756766991893404,-0.18799419676258602,0.853815826508485,0.8547396474316129,-6.148468276611379
Tpr_TRINITY_DN13871_c0_g3|Tdu_TRINITY_DN21198_c2_g5,0.88212663222086,3.3483096759461004,0.685763513338248,0.505040546837807,0.506927752352751,-5.928692522173799
Tpr_TRINITY_DN10306_c0_g1|Tdu_TRINITY_DN44290_c0_g1,1.1277818302762601,3.4960397269718997,0.941393016973379,0.36385615883876293,0.36574483759661697,-5.725407205337089
Tpr_TRINITY_DN14066_c2_g2|Tdu_TRINITY_DN15538_c0_g1,1.8706094222269398,2.8081900746116095,1.8928777051823702,0.0811019118809914,0.0820179281312867,-4.6194264380615
Tpr_TRINITY_DN12844_c1_g16|Tdu_TRINITY_DN17483_c4_g2,1.37569863122857,3.28599979256921,1.6991037678409198,0.11335049005067001,0.11447780844777802,-4.8329648184567695
Tpr_TRINITY_DN10473_c2_g1|Tdu_TRINITY_DN15015_c0_g1,2.21236519151208,4.26749499753262,1.5369142709349999,0.148552667924989,0.14988465598102302,-5.160637801523941
Tpr_TRINITY_DN15874_c0_g1|Tdu_TRINITY_DN24434_c1_g1,1.40397160505227,3.1466632735402404,0.9671565471934709,0.351307550384846,0.353173725951299,-5.7083187826486395
Tpr_TRINITY_DN12063_c3_g1|Tdu_TRINITY_DN3950_c0_g1,2.12436900497307,3.4231916074491204,1.3846667551903702,0.18971410245483897,0.19118350854912802,-5.3134584391245
Tpr_TRINITY_DN13219_c1_g4|Tdu_TRINITY_DN17546_c3_g2,-0.174515034926577,2.16340553108594,-0.20832005112051102,0.838242937596431,0.839452668835295,-6.14432782916216
Tpr_TRINITY_DN9692_c0_g1|Tdu_TRINITY_DN23918_c2_g2,1.1277818302762601,2.4946995716843303,1.4357915286742402,0.17494295921004097,0.17638334197142602,-5.184074703396321
Tpr_TRINITY_DN11026_c7_g3|Tdu_TRINITY_DN14606_c0_g1,0.88212663222086,2.3125120787015696,0.880848970172741,0.39456784644167403,0.396424524290519,-5.7786930672648005
Tpr_TRINITY_DN13579_c5_g11|Tdu_TRINITY_DN18080_c7_g3,1.6581594492916798,3.3066773954495097,1.83122558952725,0.0903308466212216,0.0912956620724496,-4.664679820176571
Tpr_TRINITY_DN10569_c5_g2|Tdu_TRINITY_DN24446_c3_g1,1.99290993407029,3.2761812907074703,2.01904271577329,0.0648366802082172,0.0656327542054248,-4.42896750040302
Tpr_TRINITY_DN9124_c0_g1|Tdu_TRINITY_DN14239_c0_g1,-0.174515034926577,3.5184813955182404,-0.149109771596975,0.883780493459705,0.8839928130977741,-6.1552115423114
Tpr_TRINITY_DN26070_c0_g1|Tdu_TRINITY_DN36745_c0_g1,1.58807853026065,2.3089232034507203,1.0027528370055898,0.334479963995501,0.336459852644423,-5.716214035358161
Tpr_TRINITY_DN16124_c0_g1|Tdu_TRINITY_DN8459_c0_g1,1.1277818302762601,3.04150195621786,1.0902796902262,0.295602618780181,0.29746018206435804,-5.581573836817711
Tpr_TRINITY_DN10703_c3_g4|Tdu_TRINITY_DN19720_c2_g2,0.353805798647141,3.1696720130780203,0.24316356831758104,0.8117151610832529,0.8131799983566229,-6.13624980512028
Tpr_TRINITY_DN7294_c0_g2|Tdu_TRINITY_DN11774_c0_g1,0.353805798647141,3.27674871875194,0.326807020759625,0.7490731425114631,0.750876617032978,-6.11183155804714
Tpr_TRINITY_DN15181_c0_g10|Tdu_TRINITY_DN19106_c1_g1,-0.174515034926578,2.3267892396851804,-0.16276151355838,0.8732365548803492,0.8739712490971958,-6.15302050500828
Tpr_TRINITY_DN10566_c0_g1|Tdu_TRINITY_DN19861_c5_g1,0.88212663222086,3.06112147935642,0.842353550709193,0.414985278843567,0.416837444744317,-5.810949651109741
Tpr_TRINITY_DN13165_c3_g16|Tdu_TRINITY_DN18227_c0_g1,0.88212663222086,3.78090384539479,1.0126423740966999,0.32990966309166997,0.331902593278282,-5.65879911129416
Tpr_TRINITY_DN15923_c7_g4|Tdu_TRINITY_DN6552_c0_g1,2.02112244037386,2.26493892081132,1.91347732385279,0.0782143433189812,0.0791265747560632,-4.57126492190442
Tpr_TRINITY_DN9014_c0_g1|Tdu_TRINITY_DN15358_c0_g1,0.7612699390926241,2.778373327528,0.785813777457511,0.446217738791851,0.448155241939422,-5.8559875949359705
Tpr_TRINITY_DN13893_c0_g4|Tdu_TRINITY_DN17527_c0_g7,0.7612699390926241,2.86501722438548,0.49876649910615295,0.6263680203905829,0.628405603107516,-6.03966981508373
Tpr_TRINITY_DN13112_c3_g5|Tdu_TRINITY_DN15621_c0_g1,1.88240477403648,4.46397153374749,1.4001731276234999,0.185128659039764,0.18658512997144897,-5.2830829637302195
Tpr_TRINITY_DN3647_c0_g1|Tdu_TRINITY_DN19983_c2_g2,0.353805798647141,2.42764038589697,0.28626136756724396,0.7792385377719221,0.780738696189002,-6.124551454761
Tpr_TRINITY_DN2882_c0_g1|Tdu_TRINITY_DN12957_c0_g1,2.03670336980465,3.32874535576788,2.09689297108428,0.0563594854275279,0.0570792307413069,-4.3379880293024
Tpr_TRINITY_DN10403_c0_g6|Tdu_TRINITY_DN19000_c3_g3,2.07751231063013,3.6920501684131497,2.04564353633407,0.0618155789547676,0.0625821672895258,-4.40831428898896
Tpr_TRINITY_DN11262_c2_g6|Tdu_TRINITY_DN19822_c2_g4,1.28959077266634,3.15782311712637,1.05194618063004,0.312194503123512,0.314118369684568,-5.62029842251309
