baseMean	log2FoldChange	lfcSE	stat	pvalue	padj
Tpr_TRINITY_DN8521_c0_g1|Tdu_TRINITY_DN16367_c0_g1	4.41514348406121	1.8099959273715	0.604724985825806	2.99308937086466	0.00276168865297875	0.0313712558967402
Tpr_TRINITY_DN13868_c2_g1|Tdu_TRINITY_DN24297_c1_g3	16.8681741253852	1.50427669619094	0.528917499141852	2.84406679421946	0.00445417093977108	0.0430569857511205
Tpr_TRINITY_DN12437_c6_g1|Tdu_TRINITY_DN18152_c3_g1	69.9220540543366	0.897342503131423	0.300469909508911	2.98646378466996	0.00282224263940393	0.0317301167896496
Tpr_TRINITY_DN12636_c2_g10|Tdu_TRINITY_DN19969_c1_g5	74.1381417251293	1.92847096399959	0.580986208067157	3.31930592709814	0.000902415068330041	0.0142365001179747
Tpr_TRINITY_DN11366_c0_g1|Tdu_TRINITY_DN17359_c4_g3	107.559189272209	2.48422257833589	0.441834125850353	5.62252309858312	1.88188394683994e-08	2.47405009544558e-06
Tpr_TRINITY_DN12251_c1_g3|Tdu_TRINITY_DN20923_c1_g2	26.9023695193789	1.64183088850583	0.380579559606241	4.3140280318904	1.60306606800941e-05	0.000684252442881937
Tpr_TRINITY_DN10248_c5_g1|Tdu_TRINITY_DN18223_c3_g1	101.565706493088	0.697966815323797	0.227215164918081	3.07183200371084	0.00212749424958077	0.0258020827808934
Tpr_TRINITY_DN10178_c0_g1|Tdu_TRINITY_DN16896_c1_g1	94.7401124754632	0.857907214501183	0.294436622447714	2.91372454747381	0.0035714488290599	0.0372246146453812
Tpr_TRINITY_DN14398_c0_g2|Tdu_TRINITY_DN17389_c3_g3	24.4082935898057	1.41753092351722	0.406314934893861	3.48874924788949	0.000485286152699869	0.00907622458267981
Tpr_TRINITY_DN14132_c3_g1|Tdu_TRINITY_DN20642_c1_g1	63.2012876243404	2.19581005698491	0.525790822814483	4.17620460781542	2.96413223396643e-05	0.00111126782611821
Tpr_TRINITY_DN13112_c3_g9|Tdu_TRINITY_DN25069_c2_g1	320.600187385226	0.645359380797622	0.223336930419749	2.88962232795402	0.00385704906894061	0.0390056449433379
Tpr_TRINITY_DN15101_c2_g1|Tdu_TRINITY_DN20083_c6_g1	124.908902408185	1.03282618014015	0.251616483253276	4.10476359412634	4.04728551729932e-05	0.00140021877896742
Tpr_TRINITY_DN13767_c0_g1|Tdu_TRINITY_DN21451_c4_g5	314.385405381811	1.22886850956966	0.215363210823431	5.70602799276229	1.15642988136197e-08	1.70185054182522e-06
Tpr_TRINITY_DN12896_c9_g2|Tdu_TRINITY_DN20213_c4_g1	19.4472816838874	2.22082263382525	0.48485395510903	4.5803950043593	4.64098562033312e-06	0.000243404884130237
Tpr_TRINITY_DN14694_c0_g3|Tdu_TRINITY_DN13497_c0_g2	9.31259247034613	1.81670319342491	0.514787299766567	3.52903654431394	0.000417075531559164	0.00817567542976811
Tpr_TRINITY_DN11648_c0_g7|Tdu_TRINITY_DN17493_c6_g1	54.4054181065381	2.00461859117912	0.323444618581738	6.19771817496644	5.72875982713224e-10	1.4121392973881e-07
Tpr_TRINITY_DN12688_c3_g2|Tdu_TRINITY_DN20043_c0_g1	13.7604744749405	1.88337119656682	0.610093779262924	3.08701917735038	0.00202174553144086	0.0250432298241292
Tpr_TRINITY_DN11913_c7_g2|Tdu_TRINITY_DN24013_c0_g1	34.1099257700045	1.12830857132434	0.406488646721131	2.77574436684922	0.00550754933673355	0.0496179328000369
Tpr_TRINITY_DN14293_c0_g7|Tdu_TRINITY_DN24970_c1_g2	313.364121559248	0.715589903006976	0.208609853496821	3.43027853676088	0.00060296195138507	0.0106164372154586
Tpr_TRINITY_DN12096_c4_g4|Tdu_TRINITY_DN23701_c1_g1	75.5544232087725	1.83546580535323	0.345566924227252	5.31146263334563	1.08748870705174e-07	1.1054266651062e-05
Tpr_TRINITY_DN10264_c7_g11|Tdu_TRINITY_DN22349_c4_g4	29.8498459236149	1.7318312849821	0.465936818239572	3.71688009444157	0.00020169810782148	0.0048270469493199
Tpr_TRINITY_DN11269_c3_g3|Tdu_TRINITY_DN24648_c1_g2	157.071069239778	1.02742761514518	0.257696605782373	3.98696603715787	6.69236011545191e-05	0.00204927548876882
Tpr_TRINITY_DN12079_c1_g3|Tdu_TRINITY_DN21811_c1_g1	47.098727307154	1.1824993500631	0.373145667100115	3.16900195908167	0.00152963364097902	0.0206040815574497
Tpr_TRINITY_DN14996_c3_g1|Tdu_TRINITY_DN20072_c4_g1	330.155383592372	1.0627806951619	0.280867670807933	3.78391963768825	0.000154377688342766	0.00393324032831958
Tpr_TRINITY_DN14878_c2_g1|Tdu_TRINITY_DN17967_c9_g1	88.8929171760349	0.729052088254303	0.235424989611715	3.09674894520213	0.00195655500211087	0.0244197877478648
Tpr_TRINITY_DN15403_c4_g2|Tdu_TRINITY_DN16791_c0_g3	68.9847622786939	1.55317656487031	0.49230785880873	3.1548888303929	0.00160559271813905	0.0212784196247998
Tpr_TRINITY_DN11372_c5_g3|Tdu_TRINITY_DN18421_c10_g1	107.73062536395	0.943993144555827	0.271895045716865	3.47190270446798	0.000516783596028541	0.00952509471126145
Tpr_TRINITY_DN13435_c7_g5|Tdu_TRINITY_DN13665_c0_g1	51.8286284359078	1.11426488030487	0.396738572855666	2.80856200163385	0.00497632990420651	0.0465396219405389
Tpr_TRINITY_DN11712_c1_g5|Tdu_TRINITY_DN12950_c0_g1	77.8495921852845	1.38383729012902	0.382732525641799	3.61567726131581	0.00029956340556245	0.00650227126078982
Tpr_TRINITY_DN10604_c3_g2|Tdu_TRINITY_DN18035_c0_g1	20.1985631535286	1.84747000340659	0.463170109569305	3.98875049412089	6.64222390739461e-05	0.00204663524146596
Tpr_TRINITY_DN11102_c4_g2|Tdu_TRINITY_DN18357_c3_g3	22.959787415207	1.59654018810697	0.533939687595169	2.99011335025064	0.00278873939816678	0.0315332230113812
Tpr_TRINITY_DN10765_c2_g4|Tdu_TRINITY_DN19409_c2_g1	23.2661733828302	1.44120464519351	0.4740819230619	3.03999071697432	0.00236585440640011	0.0278701606297552
Tpr_TRINITY_DN14185_c1_g5|Tdu_TRINITY_DN22570_c3_g1	117.285001279801	1.02772236473746	0.276551260849441	3.71620929002733	0.000202234083911749	0.00482815512680349
Tpr_TRINITY_DN12128_c2_g2|Tdu_TRINITY_DN19326_c5_g1	144.176875186744	2.22898343384253	0.258391323248785	8.62638654354663	6.33207560302109e-18	5.20285545381566e-15
Tpr_TRINITY_DN15796_c3_g1|Tdu_TRINITY_DN16663_c9_g1	130.158116733836	1.02120863547734	0.308385935321272	3.31146306790373	0.000928094897134322	0.0144565808621555
Tpr_TRINITY_DN13832_c2_g1|Tdu_TRINITY_DN22292_c5_g1	118.630036655805	0.814534201275136	0.285796891524555	2.85004569829324	0.00437129480331478	0.0426742245155284
Tpr_TRINITY_DN12055_c0_g1|Tdu_TRINITY_DN19592_c0_g1	60.7757354644789	0.801154398538211	0.288643798178841	2.7755815423473	0.00551030795294527	0.0496179328000369
Tpr_TRINITY_DN12114_c2_g1|Tdu_TRINITY_DN17785_c0_g1	286.334834904476	0.625907608022212	0.206638245516874	3.02900175355535	0.00245363258796674	0.0286305530382865
Tpr_TRINITY_DN7570_c0_g1|Tdu_TRINITY_DN19067_c0_g1	12.2790147600107	2.25464622172694	0.568979728739235	3.96261256393591	7.4134034747622e-05	0.00220169151389022
Tpr_TRINITY_DN10954_c0_g10|Tdu_TRINITY_DN24413_c4_g3	7.32617172557563	1.82669618471299	0.618499341033465	2.95343270966259	0.00314261114021832	0.0338646402650848
Tpr_TRINITY_DN12247_c1_g7|Tdu_TRINITY_DN18710_c0_g2	67.2249887085794	0.915098257854395	0.290022687650702	3.1552643873038	0.00160352723427402	0.0212784196247998
Tpr_TRINITY_DN9267_c0_g1|Tdu_TRINITY_DN18521_c0_g1	9.75682693106348	2.15101205363007	0.605789118883113	3.55076046528513	0.000384119841279697	0.00771165731257009
Tpr_TRINITY_DN13348_c3_g2|Tdu_TRINITY_DN18868_c0_g1	24.4847301223874	1.24494086689809	0.41670290149247	2.98759826830864	0.00281178884745923	0.0316486735570183
Tpr_TRINITY_DN10465_c4_g12|Tdu_TRINITY_DN17350_c1_g1	29.8018453523522	1.20553913698937	0.398896824143112	3.02218284033482	0.00250958913579285	0.0291455228255801
Tpr_TRINITY_DN11161_c4_g1|Tdu_TRINITY_DN24154_c0_g7	10.8991378003492	1.71639548275025	0.53323239698076	3.21885071587685	0.00128705471682697	0.0182071155063327
Tpr_TRINITY_DN12775_c0_g3|Tdu_TRINITY_DN22675_c1_g2	23.8467587752992	2.20350453905138	0.607595015500122	3.62660075023432	0.000287176799725654	0.00637739469661025
Tpr_TRINITY_DN13028_c1_g1|Tdu_TRINITY_DN18103_c1_g2	134.08799466807	1.28913899467332	0.289999167512747	4.44531963912158	8.77612830737527e-06	0.000410107228012892
Tpr_TRINITY_DN12650_c1_g1|Tdu_TRINITY_DN17647_c4_g1	40.3239755752074	1.00778625798606	0.339877685684299	2.96514393393323	0.00302541343554035	0.0328542513811665
Tpr_TRINITY_DN13747_c1_g4|Tdu_TRINITY_DN21432_c0_g1	162.726179393179	0.840127878689687	0.265237647975233	3.16745335778327	0.00153780376196228	0.020657690862327
Tpr_TRINITY_DN10872_c5_g10|Tdu_TRINITY_DN23727_c2_g3	7.78208388396818	2.96245104016414	0.6086064326672	4.86759731930745	1.12963207720195e-06	8.13005276000823e-05
Tpr_TRINITY_DN10283_c6_g2|Tdu_TRINITY_DN19734_c6_g1	88.6838185458615	1.98554930152143	0.395050748265232	5.02606136107951	5.00655753125228e-07	4.01338676895508e-05
Tpr_TRINITY_DN10522_c4_g3|Tdu_TRINITY_DN25508_c1_g1	124.875348950893	0.756946386350609	0.25768723010176	2.93746176732038	0.00330910971518588	0.0350232543372971
Tpr_TRINITY_DN11801_c0_g1|Tdu_TRINITY_DN20191_c0_g4	83.4938277253094	1.44870029432602	0.337445442539101	4.29313930994385	1.76164394569681e-05	0.000736008868837734
Tpr_TRINITY_DN10748_c3_g1|Tdu_TRINITY_DN17301_c8_g1	38.3543275243795	1.60802005278107	0.410643952925336	3.91584982885025	9.0086312208283e-05	0.0025451319151108
Tpr_TRINITY_DN11430_c3_g1|Tdu_TRINITY_DN17493_c7_g1	71.1687392344296	1.42738751088873	0.423255874519004	3.37239858161648	0.000745165244073972	0.0123901000110782
Tpr_TRINITY_DN10973_c0_g1|Tdu_TRINITY_DN17664_c11_g1	49.0226119250422	1.6185664167548	0.299315694379967	5.40755612600823	6.3890524787791e-08	7.0782087012092e-06
Tpr_TRINITY_DN10137_c1_g1|Tdu_TRINITY_DN17299_c3_g6	15.5788835075615	1.59797829190652	0.509851301743579	3.13420459346045	0.00172320662228099	0.022534240445213
Tpr_TRINITY_DN14735_c3_g2|Tdu_TRINITY_DN23307_c1_g2	62.2306650005161	0.895091197764364	0.303734621610411	2.94695149673277	0.00320923537254275	0.0343635120650422
Tpr_TRINITY_DN12989_c1_g2|Tdu_TRINITY_DN23955_c1_g1	11.9176065445815	1.61594881305354	0.510237208132746	3.16705404328947	0.00153991697597432	0.020657933854567
Tpr_TRINITY_DN13676_c1_g6|Tdu_TRINITY_DN19073_c1_g2	340.462267416017	1.37912140164163	0.296915883451742	4.64482191255282	3.40369935075221e-06	0.000189155968749494
Tpr_TRINITY_DN12407_c3_g2|Tdu_TRINITY_DN20412_c4_g3	11.7298671753894	1.91650613483689	0.536717154781866	3.57079351342105	0.000355901387780589	0.00726539893067621
Tpr_TRINITY_DN15971_c3_g2|Tdu_TRINITY_DN12660_c0_g1	32.8809732278571	1.14980978881787	0.327895399617298	3.50663592767652	0.000453809589503693	0.00868430694082121
Tpr_TRINITY_DN14461_c0_g2|Tdu_TRINITY_DN21928_c9_g3	68.9244589248502	1.31435998127129	0.404979833604403	3.24549489186467	0.00117246667974842	0.0171521089945392
Tpr_TRINITY_DN10849_c1_g5|Tdu_TRINITY_DN18491_c0_g1	68.5038520977228	1.66362319980945	0.343307063006202	4.84587525010926	1.26054708650765e-06	8.69160438668911e-05
Tpr_TRINITY_DN8866_c0_g1|Tdu_TRINITY_DN13618_c0_g1	17.4780144385487	1.55016671494083	0.550669725285438	2.81505709095829	0.00487685692849924	0.0460151285311029
Tpr_TRINITY_DN14688_c4_g3|Tdu_TRINITY_DN17498_c5_g1	41.3577093352822	0.969646171433759	0.337024827577934	2.87707638158953	0.00401378426861892	0.0401378426861892
Tpr_TRINITY_DN12775_c0_g5|Tdu_TRINITY_DN22675_c1_g3	83.6995749278275	2.66257030626769	0.45051638138528	5.91004104685523	3.42022494393598e-09	6.74468358944176e-07
Tpr_TRINITY_DN10779_c3_g1|Tdu_TRINITY_DN20233_c0_g2	66.2249246667722	1.39678031767642	0.334076361369647	4.18102110532424	2.90202923210702e-05	0.00109451456648667
Tpr_TRINITY_DN12135_c1_g1|Tdu_TRINITY_DN24533_c0_g1	24.5185467238697	1.45186460683726	0.429869550080393	3.37745394286648	0.000731602038329885	0.0122057463586001
Tpr_TRINITY_DN12867_c1_g7|Tdu_TRINITY_DN24522_c0_g6	26.9123918276191	1.21905338660487	0.427997799436705	2.84827022056955	0.004395758343395	0.0427437645620066
Tpr_TRINITY_DN30315_c0_g1|Tdu_TRINITY_DN13160_c0_g1	11.9372796522963	1.5373489768125	0.534918707803083	2.87398618591301	0.00405326691136477	0.0404506191761707
Tpr_TRINITY_DN12967_c2_g4|Tdu_TRINITY_DN20076_c1_g2	44.7404620756075	4.63794579221816	0.510511279110587	9.08490366813911	1.037905515824e-19	1.46196405514638e-16
Tpr_TRINITY_DN12305_c4_g1|Tdu_TRINITY_DN21396_c1_g4	54.012777350696	0.87908738599957	0.277444382517396	3.16851751699983	0.00153218515643501	0.0206102941916087
Tpr_TRINITY_DN12153_c1_g1|Tdu_TRINITY_DN21181_c3_g5	3.87133091979971	2.30744140245172	0.636926015957717	3.62277775540715	0.000291456227615688	0.0064434044939253
Tpr_TRINITY_DN14669_c3_g2|Tdu_TRINITY_DN15969_c1_g1	29.6259316516168	1.67836454318514	0.419838130727914	3.99764676037214	6.39753260517611e-05	0.00198989499959106
Tpr_TRINITY_DN13877_c1_g3|Tdu_TRINITY_DN23091_c3_g4	65.2122279859327	1.14473954326183	0.345425204452871	3.31400120345883	0.000919711113834988	0.014394208860973
Tpr_TRINITY_DN14148_c1_g5|Tdu_TRINITY_DN19649_c7_g1	18.4953329447396	1.63084070968015	0.526099272100124	3.0998725833055	0.00193603908544169	0.024317637429879
Tpr_TRINITY_DN14153_c0_g4|Tdu_TRINITY_DN20833_c0_g1	8.04062301446902	1.74091610930684	0.56655926012377	3.07278731782889	0.00212069572341571	0.0257797200012841
Tpr_TRINITY_DN11719_c4_g1|Tdu_TRINITY_DN16525_c0_g1	25.4024117456721	1.79016372498714	0.529377884093845	3.38163678305419	0.000720553495154685	0.0120827507860973
Tpr_TRINITY_DN15673_c17_g1|Tdu_TRINITY_DN21191_c1_g2	98.5703536887042	0.701051358491386	0.244756968630495	2.8642753765665	0.00417964476428468	0.0414183893224592
Tpr_TRINITY_DN14776_c3_g5|Tdu_TRINITY_DN24560_c0_g1	52.3712296718293	1.82628047533838	0.346513571902497	5.2704442868179	1.36093931569539e-07	1.27798682407205e-05
Tpr_TRINITY_DN20885_c0_g1|Tdu_TRINITY_DN12612_c0_g1	7.25156949531109	2.58624409335741	0.616190403633207	4.19715087756688	2.70293872214692e-05	0.00103257802166896
Tpr_TRINITY_DN10314_c5_g3|Tdu_TRINITY_DN23037_c0_g2	141.148846252274	1.00006384626549	0.260012838320678	3.84620948997947	0.00011995920929034	0.00324054192767877
Tpr_TRINITY_DN14162_c1_g10|Tdu_TRINITY_DN21715_c4_g1	21.6249516415502	1.34079983902456	0.428834886834411	3.12661091760078	0.0017683378531589	0.022851652991018
Tpr_TRINITY_DN14784_c4_g6|Tdu_TRINITY_DN18196_c4_g3	107.604176447927	1.36567524387798	0.347296587967898	3.93230250797688	8.41360948132352e-05	0.00243279148052346
Tpr_TRINITY_DN12368_c0_g1|Tdu_TRINITY_DN18105_c1_g6	53.250941856616	1.0966484200135	0.352334724130505	3.11251870708973	0.00185498257192117	0.0235514952771742
Tpr_TRINITY_DN10604_c4_g2|Tdu_TRINITY_DN19302_c4_g1	59.511099642974	1.72989931523183	0.35191701827464	4.91564552266635	8.84903888396454e-07	6.56026491698424e-05
Tpr_TRINITY_DN13772_c3_g2|Tdu_TRINITY_DN24590_c5_g6	177.228674509595	0.641869656646749	0.221662293386814	2.89570971607086	0.00378302161279032	0.0386534643545208
Tpr_TRINITY_DN10174_c0_g1|Tdu_TRINITY_DN17189_c1_g1	41.199281950888	1.76204451641872	0.461918112743007	3.8146252935508	0.000136389724655182	0.00361506098145187
Tpr_TRINITY_DN14125_c1_g8|Tdu_TRINITY_DN22997_c12_g1	299.430892522166	0.796072912893017	0.25934896564521	3.06950486928892	0.0021441391044816	0.0259362143314667
Tpr_TRINITY_DN15817_c0_g3|Tdu_TRINITY_DN18904_c1_g5	69.966058915545	0.851428817674312	0.282913977204254	3.00949718387229	0.00261680504663834	0.0301421702802034
Tpr_TRINITY_DN12032_c3_g5|Tdu_TRINITY_DN13890_c0_g1	22.5077944662968	1.91759678834335	0.44207970566779	4.33767206175343	1.43999795364623e-05	0.000617820341707545
Tpr_TRINITY_DN11822_c3_g3|Tdu_TRINITY_DN21864_c4_g2	43.5201685994402	1.01456991393147	0.355146518375747	2.85676435340426	0.00427983448116038	0.042157010973268
Tpr_TRINITY_DN12489_c0_g7|Tdu_TRINITY_DN24194_c4_g3	49.1696850565359	1.12155800092022	0.367839850552385	3.04903886633267	0.00229574778673726	0.0272155691353283
Tpr_TRINITY_DN10787_c5_g2|Tdu_TRINITY_DN25256_c1_g1	9.32300353718211	2.72144041211078	0.573745886032221	4.74328527378399	2.10279818665997e-06	0.000132872982318283
Tpr_TRINITY_DN10457_c9_g2|Tdu_TRINITY_DN18918_c1_g6	17.4134879019107	1.55669919614623	0.449145321525804	3.46591430777444	0.000528431671989664	0.00968463993646484
Tpr_TRINITY_DN10706_c9_g1|Tdu_TRINITY_DN20970_c1_g1	5.81036720651431	1.90008806307859	0.624964857079002	3.0403118536286	0.00236333300335426	0.0278701606297552
Tpr_TRINITY_DN11251_c3_g6|Tdu_TRINITY_DN16695_c0_g1	2.66517105525221	2.17199276305639	0.631622889627482	3.43874928968674	0.000584408187176633	0.0103824589649759
Tpr_TRINITY_DN10392_c0_g2|Tdu_TRINITY_DN17963_c4_g2	24.6514363117566	1.2698227943188	0.454986334366299	2.79090315116254	0.0052561197100802	0.0480754548621436
Tpr_TRINITY_DN11576_c2_g1|Tdu_TRINITY_DN23234_c1_g2	348.258162157978	0.712869788320541	0.22783849278554	3.12883823802131	0.00175498894651354	0.0227686723850309
Tpr_TRINITY_DN15024_c1_g2|Tdu_TRINITY_DN24874_c0_g1	33.6934973062246	1.18834565027555	0.416881405196344	2.85056046027253	0.00436422523427524	0.0426474339048105
Tpr_TRINITY_DN12041_c4_g3|Tdu_TRINITY_DN18215_c0_g2	258.281425453805	1.31148476749987	0.2437224450288	5.38105863555119	7.40490678258199e-08	7.93612835611504e-06
Tpr_TRINITY_DN15884_c0_g4|Tdu_TRINITY_DN24342_c2_g3	16.8081652690281	1.49396456317849	0.456978568129118	3.26922238234238	0.00107843506837095	0.016047720551671
Tpr_TRINITY_DN13719_c1_g1|Tdu_TRINITY_DN25024_c1_g6	11.4329269012308	2.17871300341517	0.550995470195366	3.95413959146102	7.68105578619191e-05	0.00226075253886126
Tpr_TRINITY_DN14582_c2_g3|Tdu_TRINITY_DN20329_c1_g4	170.010264569508	0.762817469866886	0.223084115377336	3.41941634247072	0.000627556259231452	0.0109711076525215
Tpr_TRINITY_DN12506_c0_g13|Tdu_TRINITY_DN25199_c4_g1	13.4587905872112	1.64934381673591	0.465387300057244	3.54402412041119	0.000394069191687223	0.00780139398516284
Tpr_TRINITY_DN15304_c0_g2|Tdu_TRINITY_DN19013_c1_g3	132.710843019337	0.752002105548375	0.267546090005872	2.81073853679518	0.00494279347770394	0.046371021589116
Tpr_TRINITY_DN15818_c1_g1|Tdu_TRINITY_DN17859_c4_g2	68.2190330452085	0.775288026785679	0.277122469070681	2.79763683322242	0.00514779573574765	0.047481071987345
Tpr_TRINITY_DN13475_c0_g5|Tdu_TRINITY_DN17804_c5_g1	167.127720413651	0.813971230574148	0.22302153421044	3.64974276343242	0.00026250305268138	0.00596377903096408
Tpr_TRINITY_DN14658_c2_g1|Tdu_TRINITY_DN21922_c5_g1	120.798516866416	1.74086282404294	0.341551369520757	5.09692824972597	3.45209092032548e-07	2.98575583108853e-05
Tpr_TRINITY_DN12589_c3_g7|Tdu_TRINITY_DN22933_c0_g1	16.1620015210902	2.69711710437875	0.57777625205793	4.66809962294596	3.03998495589926e-06	0.000173340289577799
Tpr_TRINITY_DN12686_c0_g2|Tdu_TRINITY_DN22342_c1_g6	247.893808297231	0.915609964833578	0.276972974549566	3.30577366373961	0.000947145621455475	0.0146837355779103
Tpr_TRINITY_DN12052_c5_g2|Tdu_TRINITY_DN20934_c4_g2	95.8842691148831	0.764298403061585	0.244945125783478	3.12028418861944	0.00180676636096654	0.0231660810391808
Tpr_TRINITY_DN12713_c1_g4|Tdu_TRINITY_DN25051_c1_g3	70.7294394765711	1.43800579450799	0.356069393773713	4.03855489871692	5.37815072061887e-05	0.0017295637590174
Tpr_TRINITY_DN11434_c2_g5|Tdu_TRINITY_DN23605_c1_g1	8.06748173384436	1.86730966442457	0.6130173192352	3.04609609848254	0.002318337253404	0.0274086394706996
Tpr_TRINITY_DN9406_c0_g1|Tdu_TRINITY_DN16627_c0_g1	71.0469286816674	2.5057737450969	0.333682633253462	7.50945208225309	5.93753468101089e-14	3.08126799761934e-11
Tpr_TRINITY_DN13732_c1_g1|Tdu_TRINITY_DN17487_c2_g1	57.2761581687294	1.10854912820887	0.33445412828431	3.31450275078239	0.00091806276573476	0.0143912541655719
Tpr_TRINITY_DN15971_c1_g2|Tdu_TRINITY_DN4106_c0_g1	143.225426012439	1.16609721850748	0.239679303178399	4.86523952232755	1.1431827748911e-06	8.16795808726541e-05
Tpr_TRINITY_DN11294_c2_g1|Tdu_TRINITY_DN21081_c1_g1	54.5609485076607	1.72042686531341	0.381447726452189	4.51025591714741	6.47494643626696e-06	0.000309917339133943
Tpr_TRINITY_DN12019_c3_g8|Tdu_TRINITY_DN20637_c5_g1	17.7972994996757	1.77785161260264	0.488088099809118	3.64248096460028	0.00027002295123727	0.00607230405460853
Tpr_TRINITY_DN13192_c1_g3|Tdu_TRINITY_DN20250_c3_g1	6940.35165167745	1.16146585009727	0.288912187531408	4.02013449145688	5.81649266661325e-05	0.00184407130845038
Tpr_TRINITY_DN12636_c2_g1|Tdu_TRINITY_DN17258_c5_g1	98.3863422054988	0.932304099595926	0.257615885528914	3.61896976066442	0.000295778194492339	0.00649526280110125
Tpr_TRINITY_DN11351_c9_g1|Tdu_TRINITY_DN20498_c2_g4	109.536235722097	0.784896268306576	0.243367631493203	3.22514651390072	0.00125908214889546	0.0179660636586241
Tpr_TRINITY_DN14130_c4_g2|Tdu_TRINITY_DN18109_c5_g1	278.212594620334	1.28429148363123	0.212548052359183	6.04235827793384	1.51877740101559e-09	3.48259190093343e-07
Tpr_TRINITY_DN11112_c1_g2|Tdu_TRINITY_DN18728_c2_g2	47.511267456713	1.07737447120216	0.325849595239872	3.30635510045381	0.000945182216728169	0.0146763726880941
Tpr_TRINITY_DN13829_c1_g1|Tdu_TRINITY_DN20576_c1_g3	49.5812749396213	1.14071386767905	0.317943109977201	3.58779238135039	0.000333489671345595	0.0069518142906291
Tpr_TRINITY_DN13564_c5_g8|Tdu_TRINITY_DN14384_c0_g1	60.5729079921171	2.1763549643155	0.507644044386069	4.28716733385008	1.80965974413468e-05	0.000749716179712939
Tpr_TRINITY_DN10257_c3_g1|Tdu_TRINITY_DN23349_c0_g1	15.2242096707005	1.66801444466147	0.459385179823626	3.63097138941636	0.00028235648748885	0.00629872164398203
Tpr_TRINITY_DN14226_c1_g2|Tdu_TRINITY_DN22419_c0_g3	14.9834093142277	1.72059588450348	0.551084238207096	3.12220122662423	0.00179504200324765	0.0230757681251915
Tpr_TRINITY_DN10262_c2_g1|Tdu_TRINITY_DN17691_c4_g6	219.801600023805	0.781886550937399	0.252305108230937	3.09897233718206	0.00194193150875159	0.0243606166365022
Tpr_TRINITY_DN13437_c1_g8|Tdu_TRINITY_DN18955_c5_g4	46.3490959016364	1.01242406258258	0.362697214073761	2.79137534918226	0.00524845690600186	0.0480754548621436
Tpr_TRINITY_DN15673_c13_g2|Tdu_TRINITY_DN21810_c7_g2	11.8713055204161	2.19876549530506	0.544170325495715	4.04058323706293	5.33184365659454e-05	0.00172367142472204
Tpr_TRINITY_DN10351_c3_g2|Tdu_TRINITY_DN17154_c6_g1	78.9365465674766	1.67104441671007	0.385255708116017	4.33749424474939	1.44116306889184e-05	0.000617820341707545
Tpr_TRINITY_DN12850_c2_g1|Tdu_TRINITY_DN22638_c2_g1	4.17403592525764	1.87309480906864	0.631475389988426	2.96621980644878	0.00301484933195962	0.0328542513811665
Tpr_TRINITY_DN11337_c1_g10|Tdu_TRINITY_DN24959_c0_g1	243.67076439385	0.627896946105333	0.221725179368995	2.83187028145498	0.00462766181550752	0.0442139006791707
Tpr_TRINITY_DN14558_c2_g1|Tdu_TRINITY_DN19063_c1_g2	52.3489139961717	1.45441089259787	0.403355175747631	3.60578214944702	0.000311214142291945	0.00667080748477952
Tpr_TRINITY_DN10994_c1_g3|Tdu_TRINITY_DN18544_c2_g1	77.9398132063449	0.958567493012393	0.298002789503022	3.21663932948745	0.00129701538306915	0.0182593563575098
Tpr_TRINITY_DN14936_c1_g2|Tdu_TRINITY_DN24592_c3_g1	18.0678593808809	1.30099952827747	0.438419308591342	2.96747771547205	0.00300254046993626	0.0328215621214762
Tpr_TRINITY_DN13534_c4_g1|Tdu_TRINITY_DN21443_c1_g3	41.4862366397792	1.28719120261742	0.392757834790668	3.27731515095928	0.00104799325432521	0.0157434876348232
Tpr_TRINITY_DN8733_c0_g2|Tdu_TRINITY_DN23053_c5_g4	85.2727402853776	1.18653710736408	0.269129821572929	4.40879089663628	1.03949328500125e-05	0.000470156137161114
Tpr_TRINITY_DN11926_c2_g3|Tdu_TRINITY_DN21142_c4_g3	32.8438268849124	1.14536416145241	0.382938870433298	2.9909843316674	0.00278079761083682	0.0314795228964995
Tpr_TRINITY_DN11977_c0_g1|Tdu_TRINITY_DN24599_c2_g3	21.9365432436052	1.94827202619874	0.526517019107987	3.7003020899485	0.000215342966634687	0.00510404243033175
Tpr_TRINITY_DN14260_c2_g4|Tdu_TRINITY_DN19320_c0_g1	8.06588532094613	2.16370327599356	0.563854036271624	3.83734643508209	0.000124370959597821	0.00334141052216488
Tpr_TRINITY_DN10506_c2_g1|Tdu_TRINITY_DN17993_c3_g2	26.2296505719575	1.85926443176055	0.392080801030617	4.74204405539193	2.1157259862039e-06	0.000132872982318283
Tpr_TRINITY_DN19544_c0_g1|Tdu_TRINITY_DN20389_c1_g1	6.02428301047244	2.44686329447607	0.628593577239777	3.89259989772806	9.91756401672411e-05	0.00276234975155084
Tpr_TRINITY_DN15747_c3_g4|Tdu_TRINITY_DN20954_c5_g1	24.3040350324528	1.16833682087983	0.40195537857521	2.90663313181969	0.00365341397660853	0.0378389304720169
Tpr_TRINITY_DN10721_c5_g1|Tdu_TRINITY_DN17086_c3_g1	41.3978047530146	1.02570958823919	0.354716910774368	2.89162866805533	0.00383250624537431	0.0388770695261222
Tpr_TRINITY_DN14831_c1_g2|Tdu_TRINITY_DN23254_c3_g3	81.5208655912498	1.00297755148359	0.260929444732998	3.84386496706001	0.000121111663051233	0.00326273496635288
Tpr_TRINITY_DN12279_c0_g2|Tdu_TRINITY_DN18174_c0_g1	67.2289768963747	0.98246802788243	0.286172664689526	3.43313023607034	0.000596655424279686	0.0105241904890836
Tpr_TRINITY_DN12282_c4_g1|Tdu_TRINITY_DN19603_c0_g2	40.6514911456805	1.93967573423104	0.39481500814431	4.91287234329772	8.97517173625566e-07	6.60411890443886e-05
Tpr_TRINITY_DN14413_c4_g3|Tdu_TRINITY_DN20940_c7_g2	52.6304310258486	1.04871904893413	0.312518149068652	3.35570606718188	0.000791626560482639	0.0128590409989437
Tpr_TRINITY_DN13712_c0_g1|Tdu_TRINITY_DN24271_c2_g1	131.19502397638	2.60942190561792	0.338894392950069	7.69980843561015	1.36270364777573e-14	8.95750531137911e-12
Tpr_TRINITY_DN14295_c0_g7|Tdu_TRINITY_DN17279_c2_g2	314.367116350309	0.644888791645078	0.213315936134501	3.02316274785236	0.00250147675197806	0.0291199064634046
Tpr_TRINITY_DN12386_c0_g4|Tdu_TRINITY_DN25318_c3_g1	64.9135935753095	1.27693191784091	0.377084500678398	3.38632830451431	0.000708345860859963	0.0119311022274574
Tpr_TRINITY_DN11801_c1_g16|Tdu_TRINITY_DN16869_c6_g2	59.0504276628028	1.14999348908755	0.406049283940273	2.83215248633884	0.00462357936355351	0.0442139006791707
Tpr_TRINITY_DN13164_c4_g1|Tdu_TRINITY_DN18557_c2_g2	216.110813714196	0.751578001549644	0.190056148048972	3.95450507265876	7.6693244778187e-05	0.00226075253886126
Tpr_TRINITY_DN11276_c0_g2|Tdu_TRINITY_DN18726_c8_g1	40.287451205945	1.44986002173402	0.431729626266152	3.35825927507743	0.000784350053366294	0.0127618672049367
Tpr_TRINITY_DN12928_c3_g1|Tdu_TRINITY_DN17926_c0_g1	73.6266188256025	1.11041066777735	0.342205953242441	3.24486075492283	0.00117508068645813	0.0171599837434626
Tpr_TRINITY_DN11257_c2_g6|Tdu_TRINITY_DN16696_c0_g2	69.5408549223251	0.802038948515544	0.261351108739583	3.06881785343684	0.00214907577168441	0.0259362143314667
Tpr_TRINITY_DN15616_c0_g7|Tdu_TRINITY_DN24317_c2_g2	41.341261780384	2.125486581576	0.398746744342072	5.33041739333328	9.79872969017056e-08	1.01612769866966e-05
Tpr_TRINITY_DN10379_c1_g6|Tdu_TRINITY_DN24934_c1_g4	32.7856334293708	1.35334138668907	0.360716677657765	3.75181262889394	0.000175560655390342	0.00437128298522418
Tpr_TRINITY_DN12843_c0_g4|Tdu_TRINITY_DN21049_c0_g1	37.5424125792689	1.21918068122206	0.377282506226308	3.23147949110249	0.0012315116117448	0.0177007354107925
Tpr_TRINITY_DN12748_c2_g1|Tdu_TRINITY_DN24142_c2_g1	14.3848063142155	1.53660515849569	0.488801684849312	3.14361673890178	0.00166873840069017	0.0219676376913286
Tpr_TRINITY_DN14993_c1_g3|Tdu_TRINITY_DN20345_c2_g7	6.92333602187168	2.07766864678407	0.603074327195696	3.44512865676982	0.00057078764291192	0.0101955908679557
Tpr_TRINITY_DN30953_c0_g1|Tdu_TRINITY_DN14900_c1_g1	5.46135547168005	2.15283745305602	0.624350672275045	3.44812226310478	0.000564498446847609	0.0101754199011287
Tpr_TRINITY_DN11746_c3_g2|Tdu_TRINITY_DN24203_c0_g1	1316.54202075589	0.776245767837921	0.263992521596824	2.94040817195353	0.00327780142359046	0.0348266401256487
Tpr_TRINITY_DN14231_c0_g5|Tdu_TRINITY_DN21640_c2_g13	7.23963302372345	1.80928503176018	0.587842380302768	3.07784040822016	0.00208506546397649	0.0254870779392108
Tpr_TRINITY_DN13522_c5_g7|Tdu_TRINITY_DN9582_c0_g1	42.4605840856977	1.54710029469865	0.461945050409432	3.34910027356591	0.000810744480540961	0.013104253316853
Tpr_TRINITY_DN11315_c5_g5|Tdu_TRINITY_DN20238_c5_g2	249.805504032644	0.807025349914023	0.246098044759127	3.27928387526977	0.00104070891004154	0.0157065017191523
Tpr_TRINITY_DN10919_c2_g2|Tdu_TRINITY_DN19611_c2_g1	108.120548800426	1.17986572374767	0.252568822162052	4.67146227173935	2.99063035680356e-06	0.000172442194842591
Tpr_TRINITY_DN10394_c0_g3|Tdu_TRINITY_DN17595_c2_g1	50.471489077083	1.28679396009868	0.374098452390775	3.43972008404495	0.0005823161127565	0.0103639654725254
Tpr_TRINITY_DN6258_c0_g1|Tdu_TRINITY_DN23950_c1_g1	11.5601355245699	1.96530439091526	0.63843737717842	3.0783040924091	0.00208182360142114	0.0254870779392108
Tpr_TRINITY_DN13597_c2_g2|Tdu_TRINITY_DN22031_c2_g2	104.045981304561	1.42650631501844	0.286558200054945	4.97806838103016	6.42219687076217e-07	4.94709852700899e-05
Tpr_TRINITY_DN8395_c0_g1|Tdu_TRINITY_DN24554_c3_g1	49.6106963887454	1.13757552052263	0.398778294643302	2.85265155050669	0.00433561334347115	0.0424519836808595
Tpr_TRINITY_DN13839_c4_g1|Tdu_TRINITY_DN24059_c2_g2	179.143189818169	1.03356229979763	0.220370452979692	4.69011287957409	2.73054371547426e-06	0.000161216533141175
Tpr_TRINITY_DN12125_c1_g2|Tdu_TRINITY_DN1594_c0_g1	11.0499472034451	1.68231933722639	0.602971524945814	2.79004773463816	0.00527002710585668	0.0481396676559818
Tpr_TRINITY_DN9218_c0_g1|Tdu_TRINITY_DN13026_c0_g1	4.29634132542103	2.02068821514573	0.638285065400298	3.16580838982731	0.00154652630041974	0.0207184094050796
Tpr_TRINITY_DN13614_c0_g9|Tdu_TRINITY_DN19865_c2_g2	218.57107666204	1.53889728876767	0.38608976178069	3.98585365659557	6.72379459973957e-05	0.00205252677255208
Tpr_TRINITY_DN15594_c1_g1|Tdu_TRINITY_DN25253_c1_g1	218.212296935791	1.2724071598505	0.307660722068333	4.13574781758422	3.53800565790499e-05	0.00126393970242548
Tpr_TRINITY_DN10279_c2_g6|Tdu_TRINITY_DN20657_c2_g2	44.9400635101365	1.45251412400945	0.346136405878357	4.19636333925507	2.71234997578358e-05	0.00103257802166896
Tpr_TRINITY_DN10620_c4_g4|Tdu_TRINITY_DN18116_c8_g1	160.585332555505	1.21581443510309	0.229334418710978	5.30149134149521	1.14860496681351e-07	1.15474161806099e-05
Tpr_TRINITY_DN13615_c1_g1|Tdu_TRINITY_DN23456_c5_g1	136.609519726914	1.53880868710184	0.265962292318871	5.78581525104662	7.21614899150898e-09	1.14760046864965e-06
Tpr_TRINITY_DN11884_c0_g1|Tdu_TRINITY_DN19368_c5_g2	186.40294220938	0.945773838462023	0.27171332706612	3.48077824770028	0.000499959228225064	0.00930112828358327
Tpr_TRINITY_DN33866_c0_g1|Tdu_TRINITY_DN23611_c0_g2	82.6589833025054	3.45236258424547	0.52011484973693	6.63769278264531	3.18631089012807e-11	1.01345243150525e-08
Tpr_TRINITY_DN13825_c0_g1|Tdu_TRINITY_DN17725_c4_g1	46.4562684352855	1.48641489118874	0.45348113803257	3.27778768845285	0.00104624056006926	0.0157434876348232
Tpr_TRINITY_DN11014_c1_g1|Tdu_TRINITY_DN18489_c3_g1	41.0852103327283	1.22213762993969	0.358166896395971	3.41220152458914	0.000644404540985209	0.0111666586539792
Tpr_TRINITY_DN15759_c0_g1|Tdu_TRINITY_DN25499_c2_g1	44.4096588936989	1.022940951644	0.368600962448211	2.7751988080816	0.0055167972505729	0.0496310409586211
Tpr_TRINITY_DN13172_c2_g3|Tdu_TRINITY_DN24164_c1_g1	1573.10832934096	0.62287820452312	0.193748463389457	3.2148807460272	0.00130498723997552	0.0182593563575098
Tpr_TRINITY_DN11974_c1_g2|Tdu_TRINITY_DN24006_c1_g1	89.2828591409001	1.23731372672397	0.417493067794109	2.96367490186486	0.00303989254313941	0.032973971920082
Tpr_TRINITY_DN11894_c0_g1|Tdu_TRINITY_DN15151_c0_g1	152.667423347465	2.22676065265633	0.255173022259049	8.72647364107221	2.62736552806717e-18	2.35507491879476e-15
Tpr_TRINITY_DN12776_c3_g3|Tdu_TRINITY_DN23491_c1_g4	16.2899254116295	1.61936445182579	0.53872657846177	3.0059115636165	0.00264785995608231	0.0304287869078922
Tpr_TRINITY_DN10349_c4_g4|Tdu_TRINITY_DN17666_c8_g4	140.389862098144	0.863880374799018	0.244993272420287	3.52613917216889	0.000421665320541604	0.00824924615186551
Tpr_TRINITY_DN12102_c1_g1|Tdu_TRINITY_DN21809_c2_g1	29.8735661629713	1.61869328022645	0.476673748894349	3.39580957411863	0.000684259464651531	0.0116726614558202
Tpr_TRINITY_DN15728_c0_g2|Tdu_TRINITY_DN25137_c1_g3	19.3920740734478	1.25483574049649	0.450127977464814	2.78773105276395	0.00530785888063796	0.0482921525285995
Tpr_TRINITY_DN12470_c2_g8|Tdu_TRINITY_DN19923_c4_g6	647.592115985078	1.86333394033834	0.614259147792901	3.03346551212708	0.00241762343352363	0.0283782941125512
Tpr_TRINITY_DN11913_c8_g1|Tdu_TRINITY_DN18448_c7_g2	11.0237451770411	1.76501686041397	0.522508539062077	3.37796749423894	0.000730237120838776	0.0122036237482548
Tpr_TRINITY_DN10279_c3_g5|Tdu_TRINITY_DN18853_c1_g2	77.3514730516218	1.13067506426934	0.343525086657275	3.29139008528184	0.0009969356671133	0.0151928681263325
Tpr_TRINITY_DN15052_c1_g1|Tdu_TRINITY_DN18149_c4_g1	208.131079932823	2.02518635958549	0.372149577475868	5.44186123580057	5.2726742042833e-08	5.97569743152108e-06
Tpr_TRINITY_DN15433_c1_g1|Tdu_TRINITY_DN18135_c1_g1	34.4698109409781	1.70551256389197	0.448641037938878	3.80150815388476	0.000143818004946234	0.00377139768289858
Tpr_TRINITY_DN15196_c1_g2|Tdu_TRINITY_DN24100_c4_g4	50.1371825365663	1.07874594545645	0.350336472258644	3.07917111370592	0.00207577419691192	0.0254870779392108
Tpr_TRINITY_DN10527_c3_g1|Tdu_TRINITY_DN17439_c1_g1	56.3007838546664	1.35631814189118	0.329115757300444	4.12109755247307	3.77071706374538e-05	0.00132310570279464
Tpr_TRINITY_DN10714_c0_g1|Tdu_TRINITY_DN22325_c0_g3	34.0416149341792	1.67090771291526	0.482435633461113	3.46348320278034	0.00053322988609788	0.00975444652490742
Tpr_TRINITY_DN13688_c2_g2|Tdu_TRINITY_DN17464_c11_g1	146.947050163324	0.859026054211287	0.238555220789419	3.60095264890294	0.000317053321974211	0.00675951697878932
Tpr_TRINITY_DN13689_c0_g1|Tdu_TRINITY_DN22281_c3_g2	59.6736849553368	3.58591032359103	0.544032450801879	6.59135372955337	4.35834084620243e-11	1.27545763078396e-08
Tpr_TRINITY_DN11991_c2_g1|Tdu_TRINITY_DN23364_c2_g1	42.6877131948393	1.78959389345494	0.403616273133482	4.43389925674057	9.25438831929377e-06	0.000426393779571199
Tpr_TRINITY_DN11903_c1_g1|Tdu_TRINITY_DN20762_c0_g1	16.4865125945596	1.66562688347392	0.450875682323985	3.69420429793118	0.000220576411349377	0.00521554775996369
Tpr_TRINITY_DN12576_c3_g4|Tdu_TRINITY_DN18863_c0_g1	9.03798952098987	2.14366244619398	0.611473581453531	3.50573190929735	0.000455353619513648	0.00868430694082121
Tpr_TRINITY_DN12537_c5_g1|Tdu_TRINITY_DN19680_c1_g1	27.0419823348363	1.231059463082	0.406585365060036	3.02780072494795	0.00246340473057617	0.0287106035974953
Tpr_TRINITY_DN11764_c9_g1|Tdu_TRINITY_DN20422_c3_g1	229.584089734663	0.875382784974901	0.200068925370284	4.3754060424664	1.21206642885038e-05	0.0005383322066876
Tpr_TRINITY_DN15518_c0_g1|Tdu_TRINITY_DN17395_c0_g2	91.6339568603773	1.07891148019147	0.351535476594684	3.06913968013374	0.00214676193617685	0.0259362143314667
Tpr_TRINITY_DN11029_c5_g4|Tdu_TRINITY_DN23895_c2_g1	220.629235858839	1.0881917675626	0.286452139320419	3.79886067579819	0.000145362774247897	0.00378706260755814
Tpr_TRINITY_DN10438_c1_g4|Tdu_TRINITY_DN18943_c1_g1	5.60282676307096	1.82312851103153	0.620804285033064	2.93672024337659	0.00331703187987099	0.0350302782499357
Tpr_TRINITY_DN11334_c1_g1|Tdu_TRINITY_DN23065_c0_g4	17.0170256481926	1.72101066490699	0.554377387867258	3.10440270936713	0.00190663622161092	0.0239788688075046
Tpr_TRINITY_DN37646_c0_g1|Tdu_TRINITY_DN10825_c0_g2	4.70612205735982	2.04884859193087	0.633459571559871	3.23437940464875	0.00121907391705692	0.0175880907308496
Tpr_TRINITY_DN11618_c0_g5|Tdu_TRINITY_DN24489_c1_g3	331.862436179415	3.53589938421386	0.374381551830371	9.44464108054112	3.56624423798903e-21	5.86052803109531e-18
Tpr_TRINITY_DN12156_c2_g2|Tdu_TRINITY_DN18887_c1_g1	53.4154459747069	1.2640174489098	0.370584563742626	3.41087452791928	0.00064754882781244	0.0111818414049574
Tpr_TRINITY_DN12044_c5_g4|Tdu_TRINITY_DN24818_c9_g1	55.1202669824074	1.26222779298117	0.449731949340739	2.80662246663033	0.00500638782411614	0.046592958303721
Tpr_TRINITY_DN10338_c5_g1|Tdu_TRINITY_DN22391_c2_g1	11.4345628075363	1.64355295535678	0.501237438417867	3.27899081230759	0.00104179027630077	0.0157065017191523
Tpr_TRINITY_DN11197_c3_g1|Tdu_TRINITY_DN19995_c1_g2	5.60088193925232	1.76287182686767	0.598525057765287	2.94536010480447	0.0032257898531279	0.0344970585160966
Tpr_TRINITY_DN12056_c4_g2|Tdu_TRINITY_DN18937_c3_g7	205.707145060762	0.942389500230444	0.270321809403122	3.48617635517928	0.000489977873592655	0.00913266887263436
Tpr_TRINITY_DN8692_c0_g1|Tdu_TRINITY_DN12445_c0_g1	8.92627887958996	1.7953022233042	0.630548893868406	2.84720541224021	0.00441048933780311	0.0428447535672303
Tpr_TRINITY_DN10821_c6_g1|Tdu_TRINITY_DN19847_c3_g1	56.8251274005623	0.873632549479578	0.307506589123309	2.84102058421016	0.00449694096658858	0.0433006229790658
Tpr_TRINITY_DN15419_c0_g1|Tdu_TRINITY_DN24410_c6_g1	22.4805376452542	2.2198867001821	0.60421481711757	3.67400241982174	0.000238780468766096	0.00551375977057075
Tpr_TRINITY_DN11457_c8_g1|Tdu_TRINITY_DN24531_c2_g1	190.575364356214	0.795749528733526	0.234861314521798	3.38816773785736	0.000703612202302881	0.0118802128077165
Tpr_TRINITY_DN15653_c4_g1|Tdu_TRINITY_DN24493_c0_g3	108.357536875102	3.40098964109259	0.300168337088613	11.3302744522604	9.29131466646194e-30	9.16123626113147e-26
Tpr_TRINITY_DN13862_c0_g1|Tdu_TRINITY_DN17103_c4_g1	162.672052033674	1.41613088690509	0.297233830562853	4.76436643912117	1.89447951466418e-06	0.000121295896198628
Tpr_TRINITY_DN14012_c2_g8|Tdu_TRINITY_DN21015_c4_g1	70.9647911090907	0.771752547493867	0.272756892977888	2.82945204085615	0.0046627787887199	0.0444632484108107
Tpr_TRINITY_DN8123_c0_g1|Tdu_TRINITY_DN20149_c3_g1	98.9637340951199	0.836155425233581	0.255778891996939	3.26905562341551	0.00107907086468132	0.016047720551671
Tpr_TRINITY_DN11942_c0_g3|Tdu_TRINITY_DN23024_c5_g8	88.0709478433989	1.65953117159992	0.376312699126346	4.40997918872447	1.03380553905701e-05	0.000469738369359545
Tpr_TRINITY_DN11515_c1_g6|Tdu_TRINITY_DN25395_c1_g2	8.41033716149436	1.75125758211261	0.59635485836556	2.93660319446766	0.00331828396404057	0.0350302782499357
Tpr_TRINITY_DN15845_c3_g1|Tdu_TRINITY_DN23883_c2_g3	20.4980936109246	2.25504948676276	0.525128273658413	4.29428313020074	1.75258701031603e-05	0.000735340762626215
Tpr_TRINITY_DN12291_c2_g2|Tdu_TRINITY_DN21345_c2_g1	72.7099249496376	1.08844632256775	0.316090623554621	3.44346285988348	0.000574315470143391	0.0102400552181082
Tpr_TRINITY_DN11004_c4_g2|Tdu_TRINITY_DN20911_c2_g1	65.3068742925175	1.00936832562566	0.304256514778171	3.31749125030756	0.00090829760501769	0.0142835955111235
Tpr_TRINITY_DN8272_c0_g1|Tdu_TRINITY_DN20772_c6_g2	63.1610422738264	0.821676082732917	0.284353606730607	2.88962778485649	0.00385698212344719	0.0390056449433379
Tpr_TRINITY_DN15476_c4_g6|Tdu_TRINITY_DN16709_c0_g2	62.336708933813	1.45914784246726	0.306050044389004	4.76767727768277	1.8636198973829e-06	0.000120099948942453
Tpr_TRINITY_DN11752_c4_g1|Tdu_TRINITY_DN22473_c0_g1	70.81498449854	1.0027517722989	0.29665136863809	3.38023646040293	0.000724234925044588	0.0121238647893712
Tpr_TRINITY_DN11374_c7_g1|Tdu_TRINITY_DN24796_c5_g4	122.335667562591	0.798282539880497	0.274817358586779	2.90477480747791	0.00367517417214237	0.0379616429685322
Tpr_TRINITY_DN13863_c4_g1|Tdu_TRINITY_DN9665_c0_g1	1061.23350910955	1.17225740918483	0.371658301397676	3.15412680081781	0.00160979124808841	0.0213054251089284
Tpr_TRINITY_DN10608_c7_g1|Tdu_TRINITY_DN19072_c10_g1	11.0053360821499	2.03463690734174	0.561418292504423	3.62410155583898	0.000289967660398772	0.0064249014191728
Tpr_TRINITY_DN11233_c0_g10|Tdu_TRINITY_DN23798_c3_g1	9.11423461826397	1.91389989129357	0.565232470757941	3.38604024062374	0.0007090898484067	0.0119311022274574
Tpr_TRINITY_DN11888_c5_g1|Tdu_TRINITY_DN22871_c0_g1	43.7089785999588	1.12485384566473	0.363825791968785	3.09173750320932	0.00198988727322273	0.0247730915580507
Tpr_TRINITY_DN13452_c4_g1|Tdu_TRINITY_DN20805_c3_g3	64.3533046776386	1.08057613913252	0.37965522039973	2.84620382144306	0.00442438657654395	0.0429374524062238
Tpr_TRINITY_DN12459_c0_g1|Tdu_TRINITY_DN16237_c0_g1	12.2632101963338	1.52236858838504	0.540873163195399	2.81464988832337	0.00488304002715964	0.0460294212885221
Tpr_TRINITY_DN13559_c2_g3|Tdu_TRINITY_DN16826_c7_g3	156.732897232139	1.03665592354842	0.240395751066707	4.31228887760483	1.61573138554753e-05	0.000686685838857699
Tpr_TRINITY_DN8982_c0_g1|Tdu_TRINITY_DN13554_c0_g1	4.59885935013501	1.76923172586926	0.630127150120241	2.80773765347462	0.00498908523236811	0.0465396219405389
Tpr_TRINITY_DN10566_c2_g8|Tdu_TRINITY_DN17137_c0_g1	513.602812219752	0.784971750229652	0.280749437664578	2.79598690120081	0.00517414974660011	0.0476350294131438
Tpr_TRINITY_DN13049_c9_g1|Tdu_TRINITY_DN15822_c0_g1	52.4687783559793	2.10377526870666	0.318028909655099	6.615044119694	3.71440947445719e-11	1.14450241931712e-08
Tpr_TRINITY_DN10674_c3_g1|Tdu_TRINITY_DN23226_c0_g1	142.414425458207	0.90460335654214	0.296308668325271	3.0529088522956	0.00226634765233481	0.0270989586619572
Tpr_TRINITY_DN36992_c0_g1|Tdu_TRINITY_DN23068_c2_g3	5.04213620124463	1.9779467321001	0.633459423557223	3.12245213906969	0.00179351264107403	0.0230757681251915
Tpr_TRINITY_DN15350_c0_g1|Tdu_TRINITY_DN15243_c0_g1	97.4145574899657	1.79381080738204	0.343523180720759	5.22180425675605	1.77188209538234e-07	1.64818466608206e-05
Tpr_TRINITY_DN6315_c0_g1|Tdu_TRINITY_DN19516_c4_g1	122.743670764831	1.3895948978421	0.435026769479639	3.19427445695877	0.00140182775362439	0.0192507265330591
Tpr_TRINITY_DN9258_c0_g1|Tdu_TRINITY_DN19858_c5_g1	12.3346092903249	2.67152291818661	0.57514085449992	4.64498895754758	3.40094645349325e-06	0.000189155968749494
Tpr_TRINITY_DN12125_c3_g1|Tdu_TRINITY_DN22454_c5_g2	48.4329383920706	1.13505638895514	0.325385797006033	3.48834030064963	0.000486029064873726	0.00907622458267981
Tpr_TRINITY_DN11610_c1_g3|Tdu_TRINITY_DN24995_c2_g2	36.6973580415528	1.2202171455229	0.364996210911557	3.34309537755332	0.000828494188366592	0.0133044832203495
Tpr_TRINITY_DN15604_c4_g5|Tdu_TRINITY_DN17655_c5_g1	53.3501299560687	0.965805306044744	0.330569557315476	2.9216401954492	0.00348193529014511	0.0364070858545395
Tpr_TRINITY_DN10707_c2_g1|Tdu_TRINITY_DN22749_c0_g1	218.965606166591	0.907008087599241	0.248851883299246	3.64477083948189	0.000267630163913633	0.00604970744569932
Tpr_TRINITY_DN11626_c2_g9|Tdu_TRINITY_DN23459_c5_g3	94.2608536808927	0.794630304532043	0.23729810705135	3.3486584212831	0.00081203841547639	0.013104253316853
Tpr_TRINITY_DN14099_c5_g4|Tdu_TRINITY_DN19532_c2_g2	37.7185060831571	1.21421960928908	0.311465459773379	3.89840854318979	9.68269572910385e-05	0.00270457166824261
Tpr_TRINITY_DN11821_c0_g1|Tdu_TRINITY_DN17216_c4_g1	16.4746561197344	1.68689979846338	0.472935784541064	3.56686859739393	0.000361272520738133	0.00734463310201648
Tpr_TRINITY_DN11931_c1_g4|Tdu_TRINITY_DN21982_c0_g1	43.6039715067808	1.98242988598677	0.524610830114311	3.7788581024048	0.000157549164302922	0.00400369783512064
Tpr_TRINITY_DN12575_c1_g4|Tdu_TRINITY_DN19748_c0_g3	21.419473723116	1.70742989665784	0.506510506485047	3.37096639614965	0.000749049941062819	0.0124337246109081
Tpr_TRINITY_DN11464_c3_g8|Tdu_TRINITY_DN20305_c0_g1	18.7357842234926	1.77023137648281	0.473312661496604	3.74008878377642	0.000183955267000085	0.0045231893581567
Tpr_TRINITY_DN15559_c0_g1|Tdu_TRINITY_DN21036_c1_g2	13.6298591519969	2.14508831096694	0.600542522250201	3.57191744379633	0.000354377131854635	0.00724929153544959
Tpr_TRINITY_DN14923_c2_g1|Tdu_TRINITY_DN20132_c2_g1	73.7382758026928	2.40427497558543	0.407066393726583	5.90634602275796	3.49778910098646e-09	6.76239226190715e-07
Tpr_TRINITY_DN15099_c2_g5|Tdu_TRINITY_DN24369_c3_g4	59.6242797995105	4.43087730287765	0.488719252444916	9.06630397863661	1.2312262194424e-19	1.51748631546276e-16
Tpr_TRINITY_DN13699_c1_g10|Tdu_TRINITY_DN25476_c1_g1	15.77363451456	1.81790748869837	0.553989090937146	3.28148607696073	0.00103261622371204	0.0156399323591409
Tpr_TRINITY_DN11515_c1_g5|Tdu_TRINITY_DN25395_c1_g1	19.4182815950392	1.86799618895414	0.481397739057414	3.88035929003678	0.000104302273058332	0.00288882138302009
Tpr_TRINITY_DN15054_c0_g5|Tdu_TRINITY_DN20126_c0_g1	70.5953741555659	1.76833343473471	0.320015344890116	5.52577700716792	3.28030561193731e-08	3.9930633745311e-06
Tpr_TRINITY_DN12354_c1_g4|Tdu_TRINITY_DN21816_c5_g3	27.5803423209946	1.14467091920036	0.402804718323805	2.84175151662494	0.00448664458572833	0.0432860231069289
Tpr_TRINITY_DN12303_c1_g2|Tdu_TRINITY_DN18685_c2_g4	455.324171172247	2.29439986976131	0.405668109329285	5.65585466788301	1.55072646275801e-08	2.15354407363295e-06
Tpr_TRINITY_DN10450_c6_g2|Tdu_TRINITY_DN15062_c0_g1	143.502549470483	1.13350999326318	0.339050512942006	3.34318914142763	0.000828214285260667	0.0133044832203495
Tpr_TRINITY_DN11318_c1_g1|Tdu_TRINITY_DN24381_c0_g2	66.4549513956259	1.23408211477507	0.331650242415817	3.72103486427667	0.000198408041180247	0.00479026673525712
Tpr_TRINITY_DN10117_c0_g1|Tdu_TRINITY_DN18981_c5_g1	88.3293384361504	2.42700601129118	0.415564875203339	5.84025781799682	5.21201007005568e-09	9.01586303346474e-07
Tpr_TRINITY_DN12018_c0_g5|Tdu_TRINITY_DN23211_c0_g2	43.0941180365332	1.07798402790844	0.323615638002004	3.33106284530589	0.000865150681409328	0.0137809139235799
Tpr_TRINITY_DN9598_c0_g1|Tdu_TRINITY_DN13747_c0_g1	25.9209550317191	1.81881250627505	0.506290577976381	3.5924281141963	0.000327611045269571	0.00690665785184722
Tpr_TRINITY_DN15019_c3_g1|Tdu_TRINITY_DN23958_c0_g1	17.1809637508917	1.73166561953662	0.51917859801244	3.33539484517643	0.000851783616167466	0.0136119715646859
Tpr_TRINITY_DN15026_c4_g3|Tdu_TRINITY_DN17474_c1_g3	33.2913302033832	1.70652016105383	0.371031702448012	4.59939177648288	4.23726248650581e-06	0.000228101157765039
Tpr_TRINITY_DN13604_c1_g1|Tdu_TRINITY_DN23770_c0_g1	228.33906343729	0.929871337841405	0.210133810646136	4.42513908153173	9.63801681119412e-06	0.000439957619251731
Tpr_TRINITY_DN12962_c3_g3|Tdu_TRINITY_DN21781_c1_g2	29.363455563584	1.77805222605107	0.454051121915437	3.91597364312254	9.0040085200464e-05	0.0025451319151108
Tpr_TRINITY_DN13850_c3_g5|Tdu_TRINITY_DN20173_c4_g1	31.4752006039299	1.28454425729885	0.338399566537925	3.79593942876665	0.000147085410307406	0.003796497763432
Tpr_TRINITY_DN14653_c0_g1|Tdu_TRINITY_DN21193_c1_g2	33.8614162961674	1.14288270375125	0.322527129177261	3.54352425070922	0.000394816997829235	0.00780139398516284
Tpr_TRINITY_DN11485_c4_g3|Tdu_TRINITY_DN22069_c2_g3	59.1067855541772	1.85494074821816	0.446784136760928	4.15176053846945	3.29927380119645e-05	0.00120932489515974
Tpr_TRINITY_DN14111_c2_g1|Tdu_TRINITY_DN23571_c1_g1	97.7388250336624	1.02890677486796	0.328382342549145	3.13325852687703	0.00172877100013043	0.0225684258465419
Tpr_TRINITY_DN13317_c1_g4|Tdu_TRINITY_DN22469_c0_g1	13.779944167677	1.65546671713313	0.515453339551093	3.21167133881579	0.00131965251882438	0.0184302745546861
Tpr_TRINITY_DN11710_c2_g9|Tdu_TRINITY_DN24151_c1_g2	78.8263335551517	1.93549711908503	0.32209796465399	6.00903244192869	1.86633780226924e-09	4.18229334781244e-07
Tpr_TRINITY_DN11923_c1_g1|Tdu_TRINITY_DN25222_c3_g1	173.936232132309	2.93637784741987	0.282575160321246	10.3914931662134	2.71075678721869e-25	8.9093539739921e-22
Tpr_TRINITY_DN15596_c1_g2|Tdu_TRINITY_DN18225_c2_g1	50.60808280102	1.6113000993904	0.39528739274435	4.07627495580792	4.57629027920585e-05	0.00152439939705979
Tpr_TRINITY_DN13349_c1_g1|Tdu_TRINITY_DN19154_c0_g1	45.9672046468632	1.21155020269607	0.42753541215	2.8338008227281	0.0045997991733546	0.0440386781742523
Tpr_TRINITY_DN11798_c1_g6|Tdu_TRINITY_DN19450_c1_g2	81.4136932774076	1.04669071782675	0.254957157050555	4.10535922950851	4.03687055791228e-05	0.00140021877896742
Tpr_TRINITY_DN12448_c6_g1|Tdu_TRINITY_DN22966_c1_g7	7.6400881289973	1.76982463492597	0.638598247356336	2.77142106520442	0.00558122024409868	0.0499372337629882
Tpr_TRINITY_DN10320_c3_g1|Tdu_TRINITY_DN18860_c0_g1	137.854577837014	0.886441045205188	0.223128517232986	3.97278239553568	7.10379402956069e-05	0.00212897900095649
Tpr_TRINITY_DN11801_c1_g6|Tdu_TRINITY_DN23197_c1_g1	88.0528643025505	0.734317744330586	0.264685009920979	2.77430801445769	0.00553192746045793	0.049644668021026
Tpr_TRINITY_DN14563_c0_g1|Tdu_TRINITY_DN23143_c1_g3	11.8883013037236	1.88287433017777	0.543776719385953	3.46258724040992	0.000535008440599808	0.00975782102957839
Tpr_TRINITY_DN12689_c0_g1|Tdu_TRINITY_DN4061_c0_g1	29.106318153892	1.0989654981243	0.369964389694774	2.97046291139253	0.00297351308052562	0.0327584793005393
Tpr_TRINITY_DN11814_c0_g1|Tdu_TRINITY_DN23059_c1_g1	49.2389237133278	1.42566785077522	0.45336429452323	3.14464078445897	0.00166290877674634	0.0219201611480199
Tpr_TRINITY_DN10985_c4_g2|Tdu_TRINITY_DN18337_c1_g1	365.181547046688	0.625866825296417	0.20111102893059	3.11204625934475	0.00185795382789034	0.0235514952771742
Tpr_TRINITY_DN15923_c4_g2|Tdu_TRINITY_DN20516_c1_g1	4.89274431853872	1.80795289414427	0.63471623839577	2.84844279187472	0.00439337512515178	0.0427437645620066
Tpr_TRINITY_DN2355_c0_g1|Tdu_TRINITY_DN14738_c0_g1	6.34364422635847	1.83241404248031	0.638491806013252	2.8699100367817	0.0041058859849305	0.0408825567168004
Tpr_TRINITY_DN12601_c2_g4|Tdu_TRINITY_DN19690_c0_g2	16.2476591552154	1.31268063720055	0.458577898594021	2.86250305831392	0.00420309204201976	0.0415671891016197
Tpr_TRINITY_DN13578_c0_g1|Tdu_TRINITY_DN15295_c0_g1	7.02794426683867	2.8187009159539	0.58916324357472	4.78424434432053	1.71631794721869e-06	0.00011133483526037
Tpr_TRINITY_DN13629_c5_g2|Tdu_TRINITY_DN25502_c2_g1	108.868076033063	1.24113290098908	0.249403984399195	4.97639564170927	6.47791749861712e-07	4.95133849119107e-05
Tpr_TRINITY_DN10554_c0_g1|Tdu_TRINITY_DN19077_c2_g2	72.5503523803266	1.10205305769664	0.293484133461162	3.7550686120566	0.000173293999115178	0.00434778328568868
Tpr_TRINITY_DN13571_c2_g2|Tdu_TRINITY_DN17059_c2_g2	166.949260903644	1.6444471738705	0.487959242651909	3.37005026266832	0.000751544739368177	0.0124465345800465
Tpr_TRINITY_DN13105_c1_g1|Tdu_TRINITY_DN17417_c3_g1	57.413913501389	1.02583390888961	0.325136995625137	3.15508208137697	0.00160452957278709	0.0212784196247998
Tpr_TRINITY_DN10127_c0_g1|Tdu_TRINITY_DN18467_c7_g3	32.9163382932909	1.5996643303538	0.506894871862104	3.15581083800938	0.00160052623882587	0.0212784196247998
Tpr_TRINITY_DN13699_c1_g9|Tdu_TRINITY_DN18362_c3_g2	14.5106637183796	1.70216991107863	0.505285716462242	3.36872754487574	0.000755160356091596	0.0124513062057912
Tpr_TRINITY_DN14194_c1_g5|Tdu_TRINITY_DN23183_c5_g4	36.490896728745	1.13416972202256	0.362241372819987	3.13097787034441	0.00174225288583961	0.0226332193074816
Tpr_TRINITY_DN15421_c3_g3|Tdu_TRINITY_DN24659_c2_g2	16.7779633385438	1.46045216494423	0.428082032991204	3.4116175227897	0.000645786565638065	0.0111709746266514
Tpr_TRINITY_DN11473_c5_g3|Tdu_TRINITY_DN21450_c3_g1	95.9923169229576	4.1764337487214	0.499272056274682	8.36504606302994	6.00914449957087e-17	4.23215462612634e-14
Tpr_TRINITY_DN14001_c2_g1|Tdu_TRINITY_DN22733_c1_g2	38.1904554024725	1.60311203680575	0.364562386143377	4.39735995192678	1.09575541977352e-05	0.000491097656316679
Tpr_TRINITY_DN13448_c0_g2|Tdu_TRINITY_DN16995_c0_g1	19.203864267508	1.79006867242821	0.487882994639291	3.66905321992555	0.00024345039989456	0.00558237428595434
Tpr_TRINITY_DN13710_c3_g2|Tdu_TRINITY_DN17548_c7_g2	365.606553781976	2.07207536465383	0.355645581418317	5.82623677311097	5.66911702410776e-09	9.47415150130552e-07
Tpr_TRINITY_DN11605_c5_g3|Tdu_TRINITY_DN19245_c4_g2	626.948009166733	1.09654671434841	0.2640823049708	4.15229151559268	3.29162584921295e-05	0.00120932489515974
Tpr_TRINITY_DN13388_c3_g2|Tdu_TRINITY_DN21728_c1_g1	20.2438270209785	1.71425575935313	0.473893781523015	3.61738395014131	0.000297595689098098	0.00650227126078982
Tpr_TRINITY_DN11106_c1_g2|Tdu_TRINITY_DN17042_c4_g3	8.06863665934896	1.53981975381974	0.547269985721382	2.81363822974877	0.00489843208983667	0.0460863935169747
Tpr_TRINITY_DN14560_c5_g1|Tdu_TRINITY_DN19097_c6_g3	33.8851579725705	1.06060591595251	0.357674291882849	2.96528417060485	0.00302403452603578	0.0328542513811665
Tpr_TRINITY_DN14948_c2_g4|Tdu_TRINITY_DN19561_c3_g1	172.936476204088	1.14775304129175	0.276047206998564	4.15781435998272	3.21306956685698e-05	0.00119215368744224
Tpr_TRINITY_DN13773_c6_g2|Tdu_TRINITY_DN21099_c2_g1	27.7501314423659	1.39345886182429	0.425674733291816	3.27352965267268	0.00106213245749219	0.0158916935218103
Tpr_TRINITY_DN10918_c5_g12|Tdu_TRINITY_DN14998_c0_g1	65.9447777681369	1.12033763568709	0.394286828343143	2.84142800406226	0.00449119915261981	0.0432876086459739
Tpr_TRINITY_DN10757_c1_g5|Tdu_TRINITY_DN24336_c3_g1	135.010639928632	1.35550328200996	0.294846992944111	4.59731085765861	4.27978845705196e-06	0.000228101157765039
Tpr_TRINITY_DN13383_c3_g5|Tdu_TRINITY_DN18629_c4_g2	402.500008498048	1.18294794201686	0.30677290033184	3.85610313276449	0.000115208897397519	0.00314670284858597
Tpr_TRINITY_DN10922_c1_g1|Tdu_TRINITY_DN22106_c3_g1	62.8161049430957	1.50626537536033	0.428360364978651	3.5163509477246	0.000437522242499551	0.00845534605386302
Tpr_TRINITY_DN11540_c1_g7|Tdu_TRINITY_DN20863_c3_g3	4.79867463733864	1.74110993229387	0.618263652362786	2.81612856528111	0.004860621133985	0.0459498795600116
Tpr_TRINITY_DN11343_c5_g3|Tdu_TRINITY_DN19926_c4_g1	18.4944174008216	1.23492992494704	0.416843434573219	2.96257496825256	0.00305077508078461	0.0330556508753146
Tpr_TRINITY_DN15983_c0_g1|Tdu_TRINITY_DN21680_c5_g2	18.5620884232723	1.64065323439461	0.462881865520861	3.54443186610575	0.000393460183534455	0.00780139398516284
Tpr_TRINITY_DN13046_c2_g2|Tdu_TRINITY_DN14773_c0_g1	60.101416887682	1.03952171817144	0.301252876940603	3.45066154630084	0.000559214377909547	0.0101027450301927
Tpr_TRINITY_DN3682_c0_g1|Tdu_TRINITY_DN19698_c1_g1	12.6742872871532	1.69374950836654	0.574452968012036	2.94845636228143	0.00319365224156467	0.0343021907427317
Tpr_TRINITY_DN9029_c0_g1|Tdu_TRINITY_DN19168_c1_g6	88.800797919186	2.12704713148064	0.429523607765806	4.95210762114941	7.34139814427776e-07	5.56816813096759e-05
Tpr_TRINITY_DN11818_c2_g1|Tdu_TRINITY_DN17102_c3_g2	23.4650667091438	1.17055851233031	0.404136565209209	2.89644296779815	0.00377419237414555	0.0386032539513227
Tpr_TRINITY_DN8516_c0_g1|Tdu_TRINITY_DN18571_c8_g1	30.0159398965762	1.89442238086637	0.484040342394521	3.91376960749752	9.08663392057327e-05	0.0025598345844815
Tpr_TRINITY_DN12784_c0_g7|Tdu_TRINITY_DN21578_c1_g1	58.2246804796778	1.09023064857918	0.381261075182267	2.85953830471149	0.00424258177899981	0.0419156877163709
Tpr_TRINITY_DN11433_c2_g3|Tdu_TRINITY_DN23243_c3_g2	35.4229963890106	1.14704650511728	0.345358494731201	3.32132124333599	0.000895923523104842	0.0141794637846128
Tpr_TRINITY_DN14593_c2_g1|Tdu_TRINITY_DN18625_c1_g1	73.6503095970168	1.28646677678717	0.286150740262817	4.49576602739385	6.93199290943335e-06	0.000328603125418331
Tpr_TRINITY_DN11370_c3_g1|Tdu_TRINITY_DN19173_c4_g1	366.769302601392	1.67070294392078	0.391105118812096	4.27174911183778	1.93945708468731e-05	0.000790204668448872
Tpr_TRINITY_DN12821_c5_g1|Tdu_TRINITY_DN24210_c3_g2	32.9677804442942	1.44273420060751	0.407454695020857	3.54084568968745	0.000398846770297499	0.00784955919188291
Tpr_TRINITY_DN15315_c1_g2|Tdu_TRINITY_DN20536_c4_g2	53.1566783051805	1.31675358672999	0.323513023144242	4.07017180925944	4.69784790220001e-05	0.00155438860119772
Tpr_TRINITY_DN13820_c4_g1|Tdu_TRINITY_DN21879_c1_g4	11.7951893685681	1.80689801240916	0.625208741644947	2.89007157458346	0.00385154122618941	0.0390056449433379
Tpr_TRINITY_DN10998_c2_g9|Tdu_TRINITY_DN19981_c4_g5	70.9043998602401	0.977685840184319	0.279032676260835	3.50383995625801	0.000458600884312345	0.00869674950484959
Tpr_TRINITY_DN14494_c5_g2|Tdu_TRINITY_DN18361_c0_g4	32.8658912250921	1.152771408839	0.329879272267233	3.49452513616904	0.000474905887757334	0.0089191848634044
Tpr_TRINITY_DN12398_c4_g1|Tdu_TRINITY_DN17600_c3_g1	8.64769703089035	1.82273944439724	0.573873141614126	3.17620622437642	0.00149214835725399	0.0203212469648126
Tpr_TRINITY_DN14189_c7_g3|Tdu_TRINITY_DN24974_c7_g3	146.345470240121	1.16844070067878	0.324507289933999	3.60066086933341	0.00031740936725958	0.00675951697878932
Tpr_TRINITY_DN14887_c3_g3|Tdu_TRINITY_DN17083_c6_g3	44.7709633111487	1.0742963220861	0.334113667599141	3.21536179530077	0.00130280210838864	0.0182593563575098
Tpr_TRINITY_DN12251_c1_g7|Tdu_TRINITY_DN18011_c1_g1	208.654103130733	1.92533325505586	0.637375594668955	3.02072007645015	0.0025217437383723	0.0292522273651186
Tpr_TRINITY_DN11901_c0_g3|Tdu_TRINITY_DN18985_c1_g1	51.1970384260603	1.43627358620647	0.394903183128525	3.63702711846467	0.00027580290357693	0.00618049233924665
Tpr_TRINITY_DN15039_c2_g6|Tdu_TRINITY_DN23390_c4_g1	19.4256355677097	1.2046860979957	0.42195032889221	2.8550424434044	0.00430310778253138	0.0422773323866923
Tpr_TRINITY_DN11311_c0_g3|Tdu_TRINITY_DN17701_c4_g1	124.34215786831	0.967954718427804	0.269497816706485	3.59169781134821	0.000328530669678112	0.00690665785184722
Tpr_TRINITY_DN12855_c3_g1|Tdu_TRINITY_DN18560_c0_g3	42.5286777524299	0.955016142426736	0.342188210079574	2.79090896265728	0.00525602534006135	0.0480754548621436
Tpr_TRINITY_DN13868_c1_g1|Tdu_TRINITY_DN16829_c0_g2	17.2816040926591	1.8879403502159	0.495379766486032	3.81109701675539	0.000138351452122559	0.00364982114175611
Tpr_TRINITY_DN12261_c0_g4|Tdu_TRINITY_DN17831_c3_g1	5.51238313123035	1.77911356116022	0.638281237691026	2.78735055348977	0.00531409589183879	0.0482921525285995
Tpr_TRINITY_DN12221_c2_g3|Tdu_TRINITY_DN21196_c3_g2	64.4048723848959	1.35753681340908	0.391065663320303	3.47137818718998	0.000517794195257215	0.00952509471126145
Tpr_TRINITY_DN11501_c1_g2|Tdu_TRINITY_DN17707_c0_g1	41.3031571255348	0.953602405133138	0.321204332827792	2.96883418955744	0.00298931851904427	0.0327781368089735
Tpr_TRINITY_DN10600_c3_g4|Tdu_TRINITY_DN20474_c2_g1	50.7128169804221	0.834286200047263	0.294149045393265	2.8362702960054	0.00456437985870488	0.0438216021488122
Tpr_TRINITY_DN14049_c0_g1|Tdu_TRINITY_DN20428_c2_g3	40.9514585474233	1.38797530350883	0.394970686770415	3.51412231337467	0.0004412096033704	0.00849673181490652
Tpr_TRINITY_DN11549_c3_g2|Tdu_TRINITY_DN19023_c3_g2	43.1731565779034	1.51384103327216	0.330854154801494	4.57555394515276	4.74961556350304e-06	0.000246480049769158
Tpr_TRINITY_DN13261_c2_g6|Tdu_TRINITY_DN23386_c1_g1	34.4581965810366	1.20681505709196	0.387809868416401	3.11187299596042	0.001859044588419	0.0235514952771742
Tpr_TRINITY_DN14497_c4_g1|Tdu_TRINITY_DN24955_c0_g6	154.877095373788	1.25713625211764	0.213296225130936	5.89385138600517	3.77296527918685e-09	7.15412262553506e-07
Tpr_TRINITY_DN14530_c6_g1|Tdu_TRINITY_DN22048_c2_g1	196.433131405257	1.85845606365179	0.438801901261078	4.23529628816727	2.28250545876288e-05	0.000896633618462232
Tpr_TRINITY_DN11854_c1_g1|Tdu_TRINITY_DN22020_c5_g1	343.214126550208	2.02374371564185	0.338584062357085	5.97707907913139	2.2717393937827e-09	4.76581923887178e-07
Tpr_TRINITY_DN7585_c0_g1|Tdu_TRINITY_DN12699_c0_g1	15.2413012640454	2.10132718088275	0.535322624720003	3.92534722772427	8.66047208170619e-05	0.00248233298620997
Tpr_TRINITY_DN12611_c3_g1|Tdu_TRINITY_DN23178_c0_g1	51.8501141123921	0.946866810328176	0.298221751580259	3.17504275027152	0.00149814427848836	0.0203639219383899
Tpr_TRINITY_DN12921_c1_g2|Tdu_TRINITY_DN17102_c4_g1	17.7104299046148	1.56282599834167	0.524050365963772	2.98220571884822	0.00286179628902638	0.0319924165643992
Tpr_TRINITY_DN11713_c1_g3|Tdu_TRINITY_DN16806_c1_g4	10.829955155957	1.90529980705289	0.61821626140729	3.08193091316576	0.00205662563982156	0.0253162656787024
Tpr_TRINITY_DN11498_c1_g2|Tdu_TRINITY_DN22073_c3_g3	45.4807803628971	2.39020394935942	0.528877291684741	4.51939228047665	6.20173917093318e-06	0.000301227331159612
Tpr_TRINITY_DN11244_c0_g1|Tdu_TRINITY_DN16183_c0_g1	17.721273791249	1.44488505058893	0.519750188391059	2.77996060965695	0.00543654925135985	0.0491783262554203
Tpr_TRINITY_DN15391_c1_g3|Tdu_TRINITY_DN22041_c3_g3	37.0755164286645	1.15853592864473	0.358850938040059	3.22846008142635	0.00124458627742498	0.0178626210995784
Tpr_TRINITY_DN10607_c0_g2|Tdu_TRINITY_DN18143_c5_g1	74.2503594375345	1.01807833266194	0.290806565111123	3.50087809150013	0.000463727920413836	0.00877611764929064
Tpr_TRINITY_DN12680_c1_g1|Tdu_TRINITY_DN22693_c4_g4	57.7011191533572	1.73918090980257	0.306806666715886	5.66865423238379	1.439234798508e-08	2.0868904578366e-06
Tpr_TRINITY_DN38147_c0_g1|Tdu_TRINITY_DN23461_c0_g3	84.7826595333038	3.25092312672131	0.554986475597255	5.85766188846818	4.69429138342906e-09	8.41558418920191e-07
Tpr_TRINITY_DN10045_c0_g1|Tdu_TRINITY_DN21734_c3_g3	94.2303323355205	4.21724226755179	0.467370586695355	9.02333691422628	1.82445413172855e-19	1.9987908598715e-16
Tpr_TRINITY_DN14115_c6_g3|Tdu_TRINITY_DN21809_c3_g1	8.69721019179594	1.73731121557007	0.620392362788684	2.80034268597505	0.00510483823435605	0.0473008072764646
Tpr_TRINITY_DN10646_c5_g2|Tdu_TRINITY_DN17036_c2_g3	213.65999479165	1.26401731543907	0.354856729518095	3.56204972399887	0.00036797066735067	0.0074654131277317
Tpr_TRINITY_DN10236_c5_g5|Tdu_TRINITY_DN21997_c1_g1	48.3667395721005	1.43954246351305	0.33901716372955	4.24622295719941	2.1740430106385e-05	0.000862431922894653
Tpr_TRINITY_DN13582_c1_g2|Tdu_TRINITY_DN17795_c3_g1	34.2187071954386	1.45606897053552	0.321183015991857	4.53345568737182	5.80264439324868e-06	0.000293265565883803
Tpr_TRINITY_DN13175_c1_g2|Tdu_TRINITY_DN22804_c4_g2	11.4055414532195	1.84347282407026	0.583140100629456	3.16128632224121	0.00157074015528527	0.0209946337665129
Tpr_TRINITY_DN13893_c1_g1|Tdu_TRINITY_DN24020_c5_g1	158.365888758619	0.861023660645078	0.256315091033229	3.35923904119033	0.000781574292244191	0.0127588121217346
Tpr_TRINITY_DN13139_c0_g2|Tdu_TRINITY_DN19945_c2_g2	13.3157733625284	1.71246148472419	0.570669767974297	3.00079236859332	0.00269278108998077	0.0307301175314935
Tpr_TRINITY_DN13578_c1_g1|Tdu_TRINITY_DN24019_c3_g3	46.15992193148	1.00689689280363	0.299571469740663	3.36112412064903	0.000776259333259722	0.0127141478836227
Tpr_TRINITY_DN10727_c8_g1|Tdu_TRINITY_DN18600_c10_g1	108.425774820915	0.918142256837505	0.264488596479222	3.47138692956705	0.000517777336038323	0.00952509471126145
Tpr_TRINITY_DN15335_c5_g2|Tdu_TRINITY_DN24149_c0_g1	164.456083026173	0.789863003689484	0.262850144636946	3.00499360493203	0.00265586433450502	0.0304852413716176
Tpr_TRINITY_DN12546_c0_g4|Tdu_TRINITY_DN17263_c4_g3	75.3495141411127	1.3846050322921	0.332808585559619	4.16036452294005	3.17740051922662e-05	0.00118671095149903
Tpr_TRINITY_DN14130_c3_g1|Tdu_TRINITY_DN18223_c4_g6	14.4076254703977	2.33390384265811	0.509163795771109	4.58379771311804	4.56605990655986e-06	0.000242050272466023
Tpr_TRINITY_DN14193_c0_g2|Tdu_TRINITY_DN22593_c5_g3	194.541715647392	1.43806190971414	0.397237647924234	3.6201551318933	0.000294426438499842	0.00649450712216654
Tpr_TRINITY_DN13745_c2_g6|Tdu_TRINITY_DN25294_c1_g3	287.764113703283	0.611209069201932	0.192569068173692	3.1739732398281	0.0015036755342306	0.0203639219383899
Tpr_TRINITY_DN11348_c2_g6|Tdu_TRINITY_DN15944_c0_g1	152.269235580423	0.690076072785025	0.219884952825086	3.1383505961591	0.00169901524294051	0.0222769817757891
Tpr_TRINITY_DN14812_c6_g1|Tdu_TRINITY_DN18861_c1_g1	18.9751412648442	2.1869780018615	0.497772534152418	4.39352887476078	1.11525368557679e-05	0.000497574721257338
Tpr_TRINITY_DN11741_c2_g14|Tdu_TRINITY_DN16701_c0_g1	46.6127754160569	0.972063742785614	0.289112498174591	3.36223355587554	0.000773146998317733	0.0126842419357951
Tpr_TRINITY_DN12969_c0_g2|Tdu_TRINITY_DN18935_c2_g1	6.43622021104499	1.63291173201434	0.576235049272812	2.8337598243547	0.00460038930217848	0.0440386781742523
Tpr_TRINITY_DN12432_c4_g4|Tdu_TRINITY_DN17759_c3_g4	211.042526313567	1.20721505560983	0.429945559191909	2.80783236342484	0.00498761826186978	0.0465396219405389
Tpr_TRINITY_DN10170_c1_g7|Tdu_TRINITY_DN19871_c1_g2	31.3454314667612	1.99954537781183	0.535203339590539	3.7360480211906	0.000186934984491424	0.00456232412644911
Tpr_TRINITY_DN10803_c2_g3|Tdu_TRINITY_DN17879_c3_g1	59.7166288317626	1.11339485962992	0.342979498583621	3.24624318429478	0.00116938901898947	0.0171325047952989
Tpr_TRINITY_DN11947_c6_g2|Tdu_TRINITY_DN21944_c3_g5	7.68521764886454	2.30042708134796	0.584328825557495	3.93687078359207	8.25510284306641e-05	0.00240104171187713
Tpr_TRINITY_DN11923_c1_g2|Tdu_TRINITY_DN19222_c0_g1	31.3350227014437	1.33668641573547	0.380179159073161	3.51593816713724	0.000438203025712374	0.00845534605386302
Tpr_TRINITY_DN10182_c0_g1|Tdu_TRINITY_DN21868_c1_g1	28.4891888966369	3.29459444886537	0.540535411419674	6.09505756563178	1.09398076603463e-09	2.63089033002474e-07
Tpr_TRINITY_DN10265_c11_g1|Tdu_TRINITY_DN21079_c7_g2	8.91892787808992	2.0150406096816	0.589699608933112	3.41706282174279	0.00063300670752497	0.0110272899932795
Tpr_TRINITY_DN9523_c0_g1|Tdu_TRINITY_DN13662_c0_g1	39.8721569666258	0.982261734043004	0.326993404824796	3.00391909913077	0.0026652618576841	0.0305575371125177
Tpr_TRINITY_DN6553_c0_g1|Tdu_TRINITY_DN13893_c0_g1	12.702999702	1.82176408378142	0.634733079067976	2.87012626859852	0.00410307914962944	0.0408825567168004
Tpr_TRINITY_DN11788_c1_g1|Tdu_TRINITY_DN16794_c2_g2	1142.89096369575	0.59227070645326	0.163743112704837	3.6170724781621	0.000297953893356662	0.00650227126078982
Tpr_TRINITY_DN12664_c5_g1|Tdu_TRINITY_DN22830_c4_g1	24.9893500353872	1.46828591632089	0.523813785669974	2.80306848824704	0.00506189188080603	0.0469964726410051
Tpr_TRINITY_DN9872_c0_g1|Tdu_TRINITY_DN12895_c0_g1	26.2154188639637	1.41952272741753	0.405563987671771	3.50012025369069	0.000465048315604974	0.00878424596142728
Tpr_TRINITY_DN13639_c1_g1|Tdu_TRINITY_DN23161_c1_g3	22.9228387840782	2.25000175244386	0.416492994523987	5.40225593713864	6.58079630927425e-08	7.2096279566049e-06
Tpr_TRINITY_DN12212_c1_g6|Tdu_TRINITY_DN18035_c2_g2	110.04132544037	1.45716877172596	0.352186003503556	4.13749767801675	3.51114001322237e-05	0.00126186644073098
Tpr_TRINITY_DN8647_c0_g1|Tdu_TRINITY_DN15986_c0_g1	35.1208275831145	2.11813824247931	0.447756878771375	4.73055433183156	2.23907589451527e-06	0.00013972967291089
Tpr_TRINITY_DN12197_c4_g5|Tdu_TRINITY_DN21442_c1_g1	10.3593924162424	2.61708134359552	0.623792707393541	4.1954343367218	2.7234918155099e-05	0.00103283189618952
Tpr_TRINITY_DN13027_c2_g2|Tdu_TRINITY_DN16869_c6_g1	101.076526472708	1.54533231380955	0.263697909094645	5.86023726587423	4.62206288309865e-09	8.41558418920191e-07
Tpr_TRINITY_DN14774_c0_g3|Tdu_TRINITY_DN19059_c0_g1	59.8259377593831	1.04763314982793	0.339816741085246	3.08293566256385	0.00204969463393572	0.0253162656787024
Tpr_TRINITY_DN10671_c1_g3|Tdu_TRINITY_DN21556_c0_g6	48.9310990247503	1.27653061410903	0.358539269893984	3.56036485065218	0.000370339878454867	0.00749805174859341
Tpr_TRINITY_DN10744_c2_g1|Tdu_TRINITY_DN24037_c1_g3	67.0129086674188	0.858891342942162	0.299458338894077	2.86814969359048	0.00412880134569451	0.0410382875691007
Tpr_TRINITY_DN11803_c5_g1|Tdu_TRINITY_DN19617_c12_g2	509.076252230658	1.57471098766729	0.24771870916284	6.3568512567702	2.05931219893797e-10	5.20636366193036e-08
Tpr_TRINITY_DN14529_c0_g8|Tdu_TRINITY_DN21399_c4_g3	52.3905278015001	1.01490926926548	0.341533340983351	2.97162574623997	0.00296227539371812	0.0326711805168464
Tpr_TRINITY_DN11022_c4_g6|Tdu_TRINITY_DN24579_c1_g5	96.8516977885401	0.862810934887351	0.286433062856783	3.01226026870633	0.00259310163736781	0.0299390891621155
Tpr_TRINITY_DN12318_c2_g1|Tdu_TRINITY_DN25407_c2_g1	22.6856193668879	1.68369771927341	0.42687239184891	3.94426472974936	8.00451947743101e-05	0.00233504621442218
Tpr_TRINITY_DN13068_c4_g2|Tdu_TRINITY_DN16945_c6_g1	5.13312477168593	1.82843666167422	0.614618634748365	2.97491250395102	0.00293072126664606	0.0323956409070966
Tpr_TRINITY_DN11855_c9_g1|Tdu_TRINITY_DN21080_c6_g2	29.1374291223469	1.16841106766872	0.415987172385983	2.80876706117414	0.00497316155463677	0.0465396219405389
Tpr_TRINITY_DN14831_c0_g1|Tdu_TRINITY_DN14230_c0_g1	8.58861632622171	1.94663422395963	0.54927993779894	3.54397473856433	0.000394143008080173	0.00780139398516284
Tpr_TRINITY_DN13316_c3_g6|Tdu_TRINITY_DN22651_c7_g1	68.1718106519559	1.23486006618267	0.341623191050382	3.61468453703587	0.000300713559322531	0.00650227126078982
Tpr_TRINITY_DN13162_c0_g1|Tdu_TRINITY_DN17024_c6_g5	56.5551919350042	0.816848542950259	0.272529936516231	2.99728005441197	0.00272400343633279	0.0310146349679461
Tpr_TRINITY_DN13674_c1_g2|Tdu_TRINITY_DN14436_c0_g2	190.116002732827	0.577623398766444	0.18439138290912	3.13259432004549	0.00173268746103775	0.0225684258465419
Tpr_TRINITY_DN15174_c4_g2|Tdu_TRINITY_DN20782_c2_g1	57.9458998624657	1.23733776078185	0.378155032285543	3.27203833121952	0.00106775098660248	0.0159274201632382
Tpr_TRINITY_DN13611_c1_g4|Tdu_TRINITY_DN18842_c0_g2	76.0699327315251	1.11340428999971	0.37782279764959	2.94689546773282	0.00320981689775901	0.0343635120650422
Tpr_TRINITY_DN11576_c2_g6|Tdu_TRINITY_DN19858_c2_g1	42.9254292909505	1.39077662029707	0.466421935373236	2.98179934265776	0.00286559749532383	0.0319986311482367
Tpr_TRINITY_DN10916_c6_g3|Tdu_TRINITY_DN17285_c2_g1	20.5319797898224	1.88115543313633	0.563644821147974	3.33748375316389	0.000845406642708608	0.0135539991822876
Tpr_TRINITY_DN10354_c2_g4|Tdu_TRINITY_DN21873_c1_g1	12.6268481367757	1.4672122407765	0.498611603364459	2.94259546082815	0.00325473422107758	0.034656241274109
Tpr_TRINITY_DN10351_c6_g1|Tdu_TRINITY_DN19180_c0_g1	11.0489029305291	1.93064426577538	0.598363715405054	3.22653967155821	0.00125296861047972	0.0179567885164681
Tpr_TRINITY_DN12418_c6_g1|Tdu_TRINITY_DN19493_c5_g1	96.8455235702204	0.957004150355942	0.325291441855208	2.9419899426125	0.00326110518155257	0.0346866203776789
Tpr_TRINITY_DN10279_c3_g2|Tdu_TRINITY_DN17198_c3_g1	309.247452616209	0.879372835542486	0.217218619942252	4.04833082806745	5.15841988693454e-05	0.00167861452426319
Tpr_TRINITY_DN14054_c2_g1|Tdu_TRINITY_DN17998_c4_g1	47.0209028505855	1.8551495967321	0.498794472476489	3.71926654985044	0.000199802117066803	0.00480499725433825
Tpr_TRINITY_DN9825_c0_g1|Tdu_TRINITY_DN16259_c0_g1	61.8119651215673	1.88181514714977	0.502834395891688	3.74241532107743	0.000182259959020911	0.00449270798986545
Tpr_TRINITY_DN15174_c2_g3|Tdu_TRINITY_DN21842_c2_g1	33.9604399681584	1.67913141614029	0.350084816853144	4.79635601233362	1.61578005111573e-06	0.000108378172136062
Tpr_TRINITY_DN15381_c1_g1|Tdu_TRINITY_DN18642_c1_g1	12.4511009374889	2.2830775813677	0.600783137358873	3.80016921148025	0.000144597318065846	0.00378177601095289
Tpr_TRINITY_DN9532_c0_g1|Tdu_TRINITY_DN17600_c3_g2	76.3411076577229	1.06007151050723	0.2623309594028	4.04096989894178	5.32305912935554e-05	0.00172367142472204
Tpr_TRINITY_DN10461_c7_g6|Tdu_TRINITY_DN24448_c1_g1	18.6224039973995	1.41694827856164	0.445297566657589	3.1820256490447	0.00146248866058618	0.0199448661042596
Tpr_TRINITY_DN12442_c2_g2|Tdu_TRINITY_DN16811_c6_g1	31.7450480395367	2.214415405995	0.488729995757223	4.53095865860259	5.87166291400308e-06	0.00029388119965518
Tpr_TRINITY_DN14005_c2_g1|Tdu_TRINITY_DN25223_c0_g1	81.1757114242005	0.894734861089505	0.305018553542349	2.9333784804185	0.00335294880335063	0.0352452827303168
Tpr_TRINITY_DN13835_c0_g5|Tdu_TRINITY_DN21223_c3_g1	54.6942822675258	1.09574767887791	0.377945693750068	2.89921990645175	0.00374092417695302	0.0383425284664831
Tpr_TRINITY_DN9135_c0_g1|Tdu_TRINITY_DN21812_c0_g1	9.89459256216808	1.56908927039999	0.528567924297324	2.96856694905566	0.00299191918134647	0.0327781368089735
Tpr_TRINITY_DN14488_c0_g9|Tdu_TRINITY_DN16253_c0_g1	18.8635029898411	1.27270496807459	0.435690937887919	2.92111875047076	0.00348776859367289	0.0364294473873037
Tpr_TRINITY_DN12001_c2_g5|Tdu_TRINITY_DN17746_c3_g1	73.2235723630111	1.56426689438299	0.381818565508398	4.0968853683166	4.18746127258991e-05	0.00142885502510128
Tpr_TRINITY_DN11050_c0_g2|Tdu_TRINITY_DN22491_c3_g2	40.8676151364939	1.10301786866638	0.369170908179826	2.98782445806669	0.00280970883610232	0.0316486735570183
Tpr_TRINITY_DN12490_c1_g1|Tdu_TRINITY_DN19583_c2_g1	17.3753034939482	1.29451689938707	0.41792222776687	3.09750669712928	0.00195155986659625	0.0244192643206079
Tpr_TRINITY_DN10475_c2_g4|Tdu_TRINITY_DN22404_c1_g1	45.0504463784337	1.06537331291568	0.344001748589744	3.09699970213303	0.00195490070295445	0.0244197877478648
Tpr_TRINITY_DN15584_c1_g12|Tdu_TRINITY_DN9853_c0_g1	115.394453941113	1.11885285251717	0.350612652795562	3.19113655367584	0.00141714283890681	0.0194052524458551
Tpr_TRINITY_DN10638_c4_g6|Tdu_TRINITY_DN19402_c1_g1	49.1330664725468	1.31372458687948	0.438817921266229	2.99378061654516	0.00275543992712808	0.0313363756418488
Tpr_TRINITY_DN10283_c5_g1|Tdu_TRINITY_DN22764_c5_g8	41.7604065493375	0.914100091773826	0.324964470685573	2.81292317847967	0.00490933782573193	0.0461449675516843
Tpr_TRINITY_DN14321_c4_g14|Tdu_TRINITY_DN20648_c1_g4	98.0429728131218	0.820958143187362	0.273701829734357	2.99946165498473	0.00270457164535984	0.0308289900846798
Tpr_TRINITY_DN13179_c2_g2|Tdu_TRINITY_DN20631_c2_g7	47.9821558365395	0.889065119845419	0.31767020311863	2.79870479232013	0.00513080218772462	0.047368641920379
Tpr_TRINITY_DN11322_c2_g2|Tdu_TRINITY_DN23689_c3_g1	27.4439500125585	1.80038139179564	0.426106990659582	4.22518623552452	2.38743254978743e-05	0.00093413035479778
Tpr_TRINITY_DN8921_c0_g2|Tdu_TRINITY_DN24040_c0_g1	3.35666623786704	2.07940565087704	0.638661074557172	3.25588286763654	0.00113040375075617	0.0166107019112606
Tpr_TRINITY_DN10564_c0_g1|Tdu_TRINITY_DN16653_c0_g1	743.603607863103	1.99788353516174	0.403997228415275	4.94529020161517	7.60305144864855e-07	5.72260208272326e-05
Tpr_TRINITY_DN15025_c0_g1|Tdu_TRINITY_DN17424_c1_g3	44.5649557232705	0.990557779571167	0.302272565394705	3.27703501069542	0.00104903360812159	0.0157434876348232
Tpr_TRINITY_DN12440_c5_g4|Tdu_TRINITY_DN19681_c3_g1	53.6416687580829	2.30588572118274	0.43273175749715	5.32867228076721	9.89333256311227e-08	1.01612769866966e-05
Tpr_TRINITY_DN14054_c3_g2|Tdu_TRINITY_DN18744_c1_g1	53.5721564126505	1.17728425312596	0.370961722194989	3.17360035466717	0.00150560842729069	0.0203639219383899
Tpr_TRINITY_DN14771_c4_g2|Tdu_TRINITY_DN17401_c5_g3	13.6218576934234	1.74517728446226	0.545341523693964	3.20015478124791	0.00137353803428228	0.0189945091416877
Tpr_TRINITY_DN11159_c5_g1|Tdu_TRINITY_DN20469_c0_g1	25.3034962769389	1.27605206395784	0.439070887716742	2.90625523043344	0.00365782952960982	0.0378449099285969
Tpr_TRINITY_DN10414_c2_g6|Tdu_TRINITY_DN24845_c2_g1	20.2080182157926	1.99449242084438	0.553753672903577	3.6017682923643	0.000316060011812641	0.00675951697878932
Tpr_TRINITY_DN11941_c3_g1|Tdu_TRINITY_DN23325_c1_g1	334.806520974737	0.812291030045441	0.275616878252899	2.94717448073011	0.00320692197199288	0.0343635120650422
Tpr_TRINITY_DN11338_c6_g2|Tdu_TRINITY_DN17243_c3_g1	127.478757626602	0.719221199446069	0.259560523174812	2.77091905444219	0.0055898320886184	0.0499689432400521
Tpr_TRINITY_DN15003_c0_g1|Tdu_TRINITY_DN22154_c2_g1	59.7834680974351	2.29353732308495	0.396837283380905	5.77954093311211	7.49047288981375e-09	1.16570708790268e-06
Tpr_TRINITY_DN12854_c0_g1|Tdu_TRINITY_DN25298_c1_g1	31.1368238476642	2.11478399123847	0.441876307564416	4.78591849129676	1.70207127369405e-06	0.000111141872573664
Tpr_TRINITY_DN10727_c7_g1|Tdu_TRINITY_DN23068_c2_g1	108.824634903301	0.863796241981972	0.310216655703682	2.78449343740933	0.00536114059573192	0.0486748124069215
Tpr_TRINITY_DN12524_c2_g1|Tdu_TRINITY_DN20709_c0_g1	16.6746964770256	2.08143322517346	0.486857651714406	4.27523983210281	1.90931647352489e-05	0.000784410851206476
Tpr_TRINITY_DN11335_c4_g5|Tdu_TRINITY_DN17537_c1_g1	37.1503051921286	1.20081114650831	0.388563871734728	3.09038290448191	0.0019989860797751	0.0248549845480233
Tpr_TRINITY_DN11344_c0_g11|Tdu_TRINITY_DN17039_c4_g3	30.5115528778435	1.70345101961677	0.397330883735165	4.28723537320643	1.80910573969511e-05	0.000749716179712939
Tpr_TRINITY_DN14893_c2_g3|Tdu_TRINITY_DN19171_c4_g1	194.05772677163	0.908479181067012	0.188813174001169	4.81152433283807	1.49783494313985e-06	0.00010115515437917
Tpr_TRINITY_DN13460_c1_g4|Tdu_TRINITY_DN25531_c1_g2	77.3978412065311	1.05298891056123	0.328044391568383	3.20989761637711	0.00132782258555647	0.0185181480814524
Tpr_TRINITY_DN11290_c3_g2|Tdu_TRINITY_DN21932_c1_g1	40.837711217729	2.11530653133784	0.455477586361354	4.64415065565852	3.41478320866226e-06	0.000189155968749494
Tpr_TRINITY_DN37950_c0_g1|Tdu_TRINITY_DN12910_c0_g1	9.52491648257501	2.46997580176024	0.602355066023306	4.10053129969803	4.12202676781394e-05	0.00141613881291448
Tpr_TRINITY_DN13382_c3_g5|Tdu_TRINITY_DN24138_c3_g2	33.4621625733755	1.18195260693715	0.395516360546077	2.988378547237	0.00280461944048267	0.0316486735570183
Tpr_TRINITY_DN10898_c4_g1|Tdu_TRINITY_DN18901_c0_g1	42.6602044767845	1.62574101184433	0.462231484894546	3.51715766877115	0.000436194597806815	0.00844966352529509
Tpr_TRINITY_DN30681_c0_g1|Tdu_TRINITY_DN14129_c0_g1	10.0105825788638	2.89674220021585	0.601397097695209	4.81668802745692	1.45960622488816e-06	9.92532232923946e-05
Tpr_TRINITY_DN13551_c3_g2|Tdu_TRINITY_DN19380_c3_g1	56.9119839379065	1.23450623831428	0.301621282608897	4.09290162695525	4.26008484651965e-05	0.00144842884781668
Tpr_TRINITY_DN11590_c1_g1|Tdu_TRINITY_DN20271_c4_g1	162.025344640424	0.735020520048017	0.224045930796608	3.28066891210481	0.00103561233440844	0.0156612540142135
Tpr_TRINITY_DN14502_c6_g6|Tdu_TRINITY_DN15951_c0_g1	6.54293171223743	2.40088277725688	0.590143404055389	4.06830401010725	4.73565695647173e-05	0.00156165811340506
Tpr_TRINITY_DN10344_c0_g1|Tdu_TRINITY_DN19161_c0_g4	51.0747962411049	1.74818020562431	0.386279065406624	4.52569233536913	6.01981039678869e-06	0.000298079442654958
Tpr_TRINITY_DN14437_c0_g2|Tdu_TRINITY_DN25547_c3_g1	9.99866871840846	1.93174644655227	0.599888256557914	3.22017713371552	0.00128111410807781	0.0181491165311022
Tpr_TRINITY_DN10825_c1_g13|Tdu_TRINITY_DN23239_c1_g2	31.3923968163554	1.79774601006974	0.445347564463499	4.03672581489347	5.42023530969955e-05	0.0017295637590174
Tpr_TRINITY_DN14034_c0_g2|Tdu_TRINITY_DN21413_c3_g1	120.665271264256	0.941209294865305	0.255163109891448	3.68865740531895	0.000225440537737642	0.00530511623411253
Tpr_TRINITY_DN11102_c5_g1|Tdu_TRINITY_DN23127_c2_g1	111.417844820672	1.22392701304469	0.317192446634927	3.85862597306224	0.000114026289208305	0.00313175267853449
Tpr_TRINITY_DN13445_c4_g4|Tdu_TRINITY_DN19097_c5_g1	21.7285226113326	1.22837172278381	0.441396545189286	2.78292101778241	0.00538719188486292	0.0488663403723536
Tpr_TRINITY_DN14887_c4_g2|Tdu_TRINITY_DN21664_c5_g1	46.9254452753989	1.3512085094903	0.453548891110593	2.97919041579317	0.00289011114944383	0.0321822263003387
Tpr_TRINITY_DN11788_c2_g4|Tdu_TRINITY_DN18096_c1_g4	25.9098192368248	1.36863287443423	0.470063470638913	2.91159164649399	0.00359592401450623	0.0373612337018245
Tpr_TRINITY_DN10695_c2_g3|Tdu_TRINITY_DN19148_c5_g1	221.023968991832	0.687386069140043	0.173584307299252	3.95995513554702	7.49638453984964e-05	0.00221965019708461
Tpr_TRINITY_DN13846_c0_g1|Tdu_TRINITY_DN17699_c2_g2	21.8254897478532	1.70148530571624	0.419843365683704	4.05266688672194	5.06370781419304e-05	0.00165325029960078
Tpr_TRINITY_DN3460_c0_g1|Tdu_TRINITY_DN22394_c3_g1	60.4539314904498	3.50144041282273	0.522147258731385	6.70584850206791	2.00239385580086e-11	7.05594194759015e-09
Tpr_TRINITY_DN14793_c4_g1|Tdu_TRINITY_DN19040_c5_g1	55.9018921479491	1.55436562762136	0.380607648822197	4.08390538769097	4.42850674243996e-05	0.00148017208408332
Tpr_TRINITY_DN8328_c0_g1|Tdu_TRINITY_DN20611_c8_g1	19.2986194627467	1.71190480413598	0.426365520210135	4.01511079810644	5.94178749243166e-05	0.00187175797684908
Tpr_TRINITY_DN15998_c3_g1|Tdu_TRINITY_DN24932_c0_g1	25.3008708582489	1.96101377201282	0.552348273928799	3.55032117338636	0.00038476143679994	0.00771165731257009
Tpr_TRINITY_DN14529_c0_g1|Tdu_TRINITY_DN22611_c9_g1	69.6199969004082	1.30026127213474	0.383021981739234	3.39474321090004	0.000686929969489658	0.0116979784096166
Tpr_TRINITY_DN10874_c3_g1|Tdu_TRINITY_DN18194_c2_g1	59.8932280972417	1.2652101785851	0.32306672437431	3.91625036913184	8.99368484157714e-05	0.0025451319151108
Tpr_TRINITY_DN13667_c3_g2|Tdu_TRINITY_DN18188_c4_g1	73.2709099283127	0.982351606060015	0.297883946227706	3.29776618881332	0.000974572500735475	0.0150056108635156
Tpr_TRINITY_DN15702_c1_g1|Tdu_TRINITY_DN23277_c2_g4	75.1491455031294	0.822803928804728	0.29301800081169	2.80803202030414	0.00498452703718219	0.0465396219405389
Tpr_TRINITY_DN14057_c3_g2|Tdu_TRINITY_DN20738_c0_g3	51.4308192315436	1.58556577828531	0.491785517897679	3.22410018307047	0.00126369181802545	0.0179797998928296
Tpr_TRINITY_DN10719_c3_g4|Tdu_TRINITY_DN9415_c0_g1	337.175444410263	1.0836327215224	0.269519934651129	4.02060323636199	5.80493030910279e-05	0.00184407130845038
Tpr_TRINITY_DN10515_c0_g2|Tdu_TRINITY_DN19798_c0_g3	13.9880425498788	1.41973600595225	0.505882200426051	2.8064557415868	0.00500897929025804	0.046592958303721
Tpr_TRINITY_DN14845_c2_g3|Tdu_TRINITY_DN25236_c0_g1	58.2772606855774	1.72990854185992	0.405016092220164	4.27120940399463	1.94415744646247e-05	0.000790204668448872
Tpr_TRINITY_DN13317_c1_g3|Tdu_TRINITY_DN23390_c3_g1	122.839076765508	1.02491095650542	0.315617077104532	3.24732414959275	0.00116495628415687	0.0170929597645636
Tpr_TRINITY_DN14281_c4_g1|Tdu_TRINITY_DN14813_c0_g1	13.6792902013339	1.50337490555044	0.534550667128443	2.81240862279049	0.0049171992498704	0.0461748424797354
Tpr_TRINITY_DN32237_c0_g1|Tdu_TRINITY_DN18620_c3_g1	16.7502125736218	2.24444770938576	0.597531372154635	3.75620061804038	0.000172512420695469	0.00433921547973807
Tpr_TRINITY_DN12691_c1_g2|Tdu_TRINITY_DN19378_c5_g2	177.947947777113	0.83019623003976	0.270347978663198	3.07084311909735	0.00213455272751251	0.0258558843897706
Tpr_TRINITY_DN13257_c2_g1|Tdu_TRINITY_DN19094_c6_g1	126.505568209928	1.49994207342973	0.297151957286458	5.04772738879781	4.47096486574215e-07	3.61341914559161e-05
Tpr_TRINITY_DN9721_c0_g1|Tdu_TRINITY_DN17483_c4_g1	41.356938206387	1.19571553702365	0.303071132068801	3.94532969491863	7.96902545248501e-05	0.00233159023624635
Tpr_TRINITY_DN11856_c2_g1|Tdu_TRINITY_DN23893_c2_g1	6.05232975951915	2.6297576991783	0.619375578585862	4.2458207751466	2.1779467424013e-05	0.000862431922894653
Tpr_TRINITY_DN10990_c4_g1|Tdu_TRINITY_DN24529_c2_g4	10.8132836941779	2.51207405114959	0.536068366139116	4.68610761206096	2.78449895268829e-06	0.000163423569485158
Tpr_TRINITY_DN14456_c3_g6|Tdu_TRINITY_DN14619_c0_g1	25.8953102490631	2.0136811299797	0.556758895100616	3.61679202200406	0.00029827677374133	0.00650227126078982
Tpr_TRINITY_DN15686_c1_g1|Tdu_TRINITY_DN24412_c2_g2	20.4252717724537	1.45363717048982	0.47662171368332	3.04987609409598	0.00228935794449382	0.0271964690755531
Tpr_TRINITY_DN11477_c1_g1|Tdu_TRINITY_DN24873_c1_g1	78.168516409348	0.899051619963918	0.322096073225036	2.79125296673761	0.00525044195226673	0.0480754548621436
Tpr_TRINITY_DN11029_c5_g2|Tdu_TRINITY_DN20359_c11_g1	40.6318886422618	0.916013509648913	0.314554786092719	2.91209528561713	0.00359013100155902	0.0373438859717007
Tpr_TRINITY_DN10604_c3_g3|Tdu_TRINITY_DN18047_c0_g1	155.465370326647	1.42959018924265	0.270887980527338	5.27742200469607	1.31013937463157e-07	1.25417225571527e-05
Tpr_TRINITY_DN12053_c2_g3|Tdu_TRINITY_DN21128_c3_g2	75.8957740815474	0.889778203371866	0.259091521156313	3.43422354927259	0.000594253887918374	0.0105147416677176
Tpr_TRINITY_DN12429_c0_g3|Tdu_TRINITY_DN16782_c4_g1	335.836200570086	1.32388482153917	0.251106106650451	5.27221276773673	1.34788685718143e-07	1.27790042421239e-05
Tpr_TRINITY_DN10527_c4_g1|Tdu_TRINITY_DN24262_c1_g2	5.75244258703457	2.01577024369282	0.62895518434337	3.20495051773408	0.00135085701655036	0.0188127827446137
Tpr_TRINITY_DN10406_c4_g5|Tdu_TRINITY_DN24290_c2_g1	64.3615175001651	1.39963737397054	0.337254121579121	4.15009716535719	3.32334168555525e-05	0.00121363514887314
Tpr_TRINITY_DN15151_c3_g4|Tdu_TRINITY_DN18680_c0_g4	4.74886910095451	2.642027221264	0.639259288339248	4.13295085336625	3.58135327640625e-05	0.00127480661752223
Tpr_TRINITY_DN12927_c1_g2|Tdu_TRINITY_DN16850_c0_g1	42.5855881625734	3.15905876081809	0.480236301763824	6.57813403363182	4.76388709949554e-11	1.31394297610291e-08
Tpr_TRINITY_DN12979_c2_g1|Tdu_TRINITY_DN21615_c5_g3	5.25479410570086	1.74907700913088	0.629654916297044	2.77783427693549	0.00547225202794937	0.0494559165862336
Tpr_TRINITY_DN13285_c0_g17|Tdu_TRINITY_DN20389_c5_g4	132.359535906056	0.718537192927431	0.242270469069358	2.96584720245754	0.00301850415431074	0.0328542513811665
Tpr_TRINITY_DN10515_c0_g4|Tdu_TRINITY_DN22708_c3_g4	50.091976397989	1.01309828528519	0.291550852449057	3.47485962320145	0.000511120745681975	0.00947302735418097
Tpr_TRINITY_DN9546_c0_g2|Tdu_TRINITY_DN24125_c4_g8	144.828112233333	3.19497855021725	0.63110636417541	5.06250409056125	4.1378518419238e-07	3.39993493011406e-05
Tpr_TRINITY_DN11853_c0_g1|Tdu_TRINITY_DN23533_c1_g1	48.4327902226907	3.40046268429215	0.479219032486133	7.09584230545047	1.28566010891271e-12	5.51156898864317e-10
Tpr_TRINITY_DN10236_c4_g2|Tdu_TRINITY_DN19803_c2_g2	81.7975226823337	1.10415319164712	0.271615066947212	4.06513969956499	4.80036997961554e-05	0.00157772159996698
Tpr_TRINITY_DN11735_c4_g2|Tdu_TRINITY_DN17744_c7_g2	23.8842444895917	1.45076793298516	0.443312524018847	3.27256247992553	0.00106577313892779	0.0159220047724668
Tpr_TRINITY_DN11170_c3_g10|Tdu_TRINITY_DN22831_c4_g8	46.1177556083949	0.913808390996618	0.315609331632577	2.89537823951431	0.00378701914932606	0.0386542534289389
Tpr_TRINITY_DN10646_c2_g1|Tdu_TRINITY_DN21330_c2_g3	78.2514572406717	1.30842561979635	0.377896271898827	3.46239356430235	0.000535393628499179	0.00975782102957839
Tpr_TRINITY_DN12078_c1_g2|Tdu_TRINITY_DN20036_c5_g5	43.4167553462792	1.22023724013865	0.412891534631199	2.95534574529019	0.00312318832212386	0.033692162862299
Tpr_TRINITY_DN11527_c0_g3|Tdu_TRINITY_DN14088_c0_g1	51.5001512333915	1.01352905691301	0.324615192562212	3.12224775714639	0.00179475829979099	0.0230757681251915
Tpr_TRINITY_DN11529_c4_g11|Tdu_TRINITY_DN16090_c0_g1	290.358590696419	1.26158467982775	0.24507864047122	5.14767291593453	2.63737848866707e-07	2.40782887946827e-05
Tpr_TRINITY_DN12305_c7_g1|Tdu_TRINITY_DN21816_c5_g4	3.36727307338899	1.8108910122808	0.638006367456861	2.83835883879834	0.00453461719163935	0.0435782899703352
Tpr_TRINITY_DN11527_c0_g8|Tdu_TRINITY_DN22788_c0_g1	35.6810364179061	1.06440069331298	0.37298434405491	2.85374094188866	0.00432077493412751	0.0423487483603353
Tpr_TRINITY_DN11385_c1_g5|Tdu_TRINITY_DN21569_c1_g1	215.159129384571	2.77489167294208	0.491768167876367	5.64268257729058	1.67420842932412e-08	2.29273543237998e-06
Tpr_TRINITY_DN12692_c4_g7|Tdu_TRINITY_DN18952_c1_g3	30.7796032877113	1.28906752150835	0.398368791828758	3.23586472622702	0.00121274841943333	0.0175345758237795
Tpr_TRINITY_DN14321_c4_g4|Tdu_TRINITY_DN20648_c1_g1	70.7639667551624	1.19710765922211	0.264117793467204	4.53247637543494	5.82961976807559e-06	0.000293265565883803
Tpr_TRINITY_DN13910_c2_g5|Tdu_TRINITY_DN15256_c0_g1	52.281278960281	1.25011910287194	0.399203303027762	3.131534968249	0.00173895076026291	0.0226201246651613
Tpr_TRINITY_DN6412_c0_g1|Tdu_TRINITY_DN15987_c0_g1	22.3397764302902	1.95706533255863	0.551740112242579	3.54707821514739	0.000389528927922434	0.00777480815650849
Tpr_TRINITY_DN13960_c0_g3|Tdu_TRINITY_DN19656_c0_g1	35.9738153635843	1.2079272695988	0.377651988748737	3.19851955129638	0.00138135166113024	0.0190758086537034
Tpr_TRINITY_DN13865_c0_g3|Tdu_TRINITY_DN24353_c5_g1	95.8746541566452	0.781822598970079	0.257839786316936	3.03220309843518	0.00242775795968445	0.0284295647060436
Tpr_TRINITY_DN16030_c4_g2|Tdu_TRINITY_DN18150_c5_g2	23.3563636751467	1.44879786822215	0.423469492736539	3.42125676836777	0.000623324527209446	0.0109164828388724
Tpr_TRINITY_DN11257_c2_g3|Tdu_TRINITY_DN17687_c3_g3	28.1624528145108	2.00611835519405	0.443347218304323	4.52493727798018	6.04134198546252e-06	0.000298079442654958
