,logFC,AveExpr,t,P.Value,adj.P.Val,B
Tpr_TRINITY_DN10790_c1_g3|Tdu_TRINITY_DN21835_c0_g1,1.9932178309799098,4.528073915532429,1.02702828828269,0.327592274975578,0.32821924583677503,-5.58862642515391
Tpr_TRINITY_DN12177_c1_g3|Tdu_TRINITY_DN19541_c1_g3,1.33059651117119,2.6040841210199197,1.74861354541395,0.109622320720518,0.110320384279113,-4.71681587724394
Tpr_TRINITY_DN12626_c4_g5|Tdu_TRINITY_DN10384_c0_g1,1.33059651117119,2.6484159868234505,1.02914056210914,0.326644383283845,0.327308691755651,-5.5805404719877005
Tpr_TRINITY_DN232_c0_g1|Tdu_TRINITY_DN9213_c0_g1,2.5816789287421202,3.6216543359405295,1.8513617944452598,0.09255255543978401,0.0932651833931221,-4.71445261000224
Tpr_TRINITY_DN10486_c1_g1|Tdu_TRINITY_DN18606_c3_g1,2.06976418520888,2.4464797813133,1.4878722556904298,0.166324926439857,0.16704287576261903,-5.07612101701206
Tpr_TRINITY_DN10183_c6_g1|Tdu_TRINITY_DN22203_c3_g2,2.5379924638299904,2.54004840140175,1.9342879029541298,0.0805976721611371,0.0812867070465604,-4.56688268671257
Tpr_TRINITY_DN12060_c2_g8|Tdu_TRINITY_DN17339_c3_g2,1.33059651117119,3.19289188415546,1.56268652083945,0.147878206712511,0.148623453254619,-4.967632218761651
Tpr_TRINITY_DN15266_c2_g1|Tdu_TRINITY_DN22627_c4_g1,0.028299645968347997,2.36000622458694,0.0411581008834977,0.9679456257918909,0.9679456257918909,-6.10408582224491
Tpr_TRINITY_DN9237_c0_g1|Tdu_TRINITY_DN23819_c5_g1,1.2617795520153798,2.37723475788402,1.2348640133808702,0.24392526068695397,0.2446261953441,-5.36580387269433
Tpr_TRINITY_DN15090_c0_g8|Tdu_TRINITY_DN23103_c0_g3,2.9039068902297904,4.12992457910953,1.97206102373375,0.0756425377907825,0.0763351682573005,-4.61132347467561
Tpr_TRINITY_DN13922_c2_g6|Tdu_TRINITY_DN23234_c2_g2,2.73782397149266,2.87681278557599,2.11383790615352,0.059481282318094,0.0601854579241792,-4.3489809487774505
Tpr_TRINITY_DN10509_c5_g6|Tdu_TRINITY_DN15871_c0_g1,1.73806065161667,2.79251166602789,2.1201268027656,0.0588462151148832,0.05955006618367299,-4.17569245616696
Tpr_TRINITY_DN10448_c0_g1|Tdu_TRINITY_DN25797_c0_g1,2.18571899376852,2.265698012728,1.50979649031499,0.160722832546978,0.16143595699885901,-5.0752062147464105
Tpr_TRINITY_DN11110_c3_g2|Tdu_TRINITY_DN24233_c1_g2,1.85891734474491,3.05415536306242,2.1236818061877902,0.0584900819485425,0.0591968253263644,-4.17031116401793
Tpr_TRINITY_DN14003_c0_g1|Tdu_TRINITY_DN19846_c1_g2,2.40829644006653,2.3131984856772103,2.12808587105391,0.0580517359138844,0.0587602827812322,-4.23825366325518
Tpr_TRINITY_DN10822_c8_g1|Tdu_TRINITY_DN24055_c4_g1,1.4924054535612699,3.1104396811699804,1.79575270247626,0.101462844117849,0.10217032728193101,-4.65084004292158
Tpr_TRINITY_DN11464_c3_g7|Tdu_TRINITY_DN17181_c1_g1,0.5566204795420671,2.75806356109502,0.7288921699485621,0.482083234081835,0.482428813461105,-5.83525509227169
Tpr_TRINITY_DN16073_c4_g4|Tdu_TRINITY_DN24010_c4_g8,2.5910619705562405,2.82611313974559,2.0766677442192703,0.0633697955746971,0.0640812999799182,-4.36984322808968
Tpr_TRINITY_DN12729_c4_g1|Tdu_TRINITY_DN15223_c0_g1,2.68865402315548,4.35855306188937,2.14964335758259,0.0559508501434682,0.0566611438522174,-4.28747095161464
Tpr_TRINITY_DN11713_c1_g2|Tdu_TRINITY_DN16806_c1_g6,2.03071682383167,2.83268108556814,1.9699208432488302,0.075915506607595,0.0766014074623799,-4.404995516449651
Tpr_TRINITY_DN11538_c3_g2|Tdu_TRINITY_DN20645_c1_g1,2.34120156235536,4.0567944959985,1.64262031457779,0.130175313744114,0.130878457318533,-4.946584375703081
Tpr_TRINITY_DN12721_c4_g5|Tdu_TRINITY_DN18727_c1_g2,1.85891734474491,2.48340080426342,2.00235100182645,0.0718764589997009,0.0725783267729349,-4.35204290475183
Tpr_TRINITY_DN5915_c0_g1|Tdu_TRINITY_DN5065_c0_g1,2.8708201816127503,4.08312446576854,2.03683215503419,0.0678038064311712,0.0684989365176082,-4.507544360713281
Tpr_TRINITY_DN4622_c0_g1|Tdu_TRINITY_DN12656_c0_g1,2.2950988509694703,2.5429227244762997,1.9454844426255802,0.0790981928181213,0.0797840152992033,-4.49318540039371
Tpr_TRINITY_DN10471_c5_g7|Tdu_TRINITY_DN18204_c7_g3,2.1146893853904096,3.0841307420449002,2.15537505775277,0.0554045913677862,0.0561147348605293,-4.14049714085933
Tpr_TRINITY_DN8276_c0_g1|Tdu_TRINITY_DN13363_c0_g1,3.04034763299132,4.04075753060183,2.19335239867021,0.0519118868700777,0.0525963426180925,-4.30874211066496
Tpr_TRINITY_DN12822_c1_g7|Tdu_TRINITY_DN22963_c4_g2,1.7901003855891002,2.7793613818883802,2.01681394033704,0.0701409598160675,0.0708429614638106,-4.3305993445949795
Tpr_TRINITY_DN11026_c7_g4|Tdu_TRINITY_DN19335_c3_g4,0.5566204795420671,2.1131515092953204,0.669144255605371,0.5179127629076029,0.5182221123060671,-5.87674024145376
Tpr_TRINITY_DN10592_c3_g1|Tdu_TRINITY_DN18033_c4_g1,1.33059651117119,3.2367694227043398,1.54864492730387,0.15119770487008202,0.151923221688076,-4.9859106579779295
Tpr_TRINITY_DN13901_c4_g1|Tdu_TRINITY_DN24680_c3_g2,2.41459994132145,3.5915380462170803,1.80435970957009,0.100034232076366,0.10075597978254498,-4.74402675273744
Tpr_TRINITY_DN12353_c4_g1|Tdu_TRINITY_DN21296_c1_g1,2.4180942882431,3.1095547684748195,0.7963402064178691,0.443548702403188,0.44397274513971097,-5.88758693831233
Tpr_TRINITY_DN10133_c0_g1|Tdu_TRINITY_DN17076_c0_g1,1.3907872597184598,2.70417253249365,1.31608835751573,0.216281143138332,0.21703256917774902,-5.27309168637961
Tpr_TRINITY_DN15184_c2_g2|Tdu_TRINITY_DN13940_c0_g1,2.37419091653397,3.2699089754754103,1.7724014253116398,0.105433033676946,0.10612992309555301,-4.7683545042463
Tpr_TRINITY_DN13622_c0_g2|Tdu_TRINITY_DN18064_c2_g5,1.85891734474491,3.28174362603802,2.13899041681233,0.0569798072952465,0.0576892138166305,-4.14710174954126
Tpr_TRINITY_DN15802_c0_g5|Tdu_TRINITY_DN14937_c0_g1,1.33059651117119,1.7186347530885402,1.27256762295497,0.230755352195784,0.231473871855316,-5.3232935022482195
Tpr_TRINITY_DN11746_c3_g1|Tdu_TRINITY_DN24203_c0_g2,2.98298746319133,3.67479189251634,1.78836721790416,0.10270353210156,0.10339480587532,-4.90786916809775
Tpr_TRINITY_DN13103_c0_g2|Tdu_TRINITY_DN17468_c2_g1,1.96496640663912,2.58489885705357,1.8769071774838,0.0887056264031854,0.0894101476237161,-4.5367189280912
Tpr_TRINITY_DN13437_c0_g5|Tdu_TRINITY_DN13535_c0_g1,0.9640846199875501,2.55388131814724,1.11439300382605,0.29008344093315097,0.290777752663484,-5.4952142888197395
Tpr_TRINITY_DN30938_c0_g1|Tdu_TRINITY_DN9706_c0_g1,1.9932178309799098,4.51339751920263,1.06385607433368,0.31135825574209397,0.312066142167737,-5.55245905233173
Tpr_TRINITY_DN14369_c0_g1|Tdu_TRINITY_DN18167_c2_g4,1.7097643524211699,3.21104872852538,2.14713227326264,0.0561917845179341,0.0568982576308288,-4.1347341219324205
Tpr_TRINITY_DN21317_c0_g1|Tdu_TRINITY_DN22731_c0_g2,2.08979344014124,2.13105738304238,2.1999021292943,0.0513312437372064,0.0520206288618077,-4.07225915957141
Tpr_TRINITY_DN13713_c0_g1|Tdu_TRINITY_DN16631_c0_g3,1.85891734474491,3.13388084900155,2.06705863102204,0.064413560289734,0.0651210598656381,-4.25563009090797
Tpr_TRINITY_DN14330_c1_g5|Tdu_TRINITY_DN17232_c9_g6,1.97484070997648,2.3349964251629203,1.01716638362729,0.332044973505708,0.332600896685459,-5.595280204485429
Tpr_TRINITY_DN10415_c3_g4|Tdu_TRINITY_DN21171_c1_g3,1.73806065161667,2.5972141181229196,1.6431473215616599,0.130065121892738,0.13078336866429402,-4.86103286494811
Tpr_TRINITY_DN6190_c0_g1|Tdu_TRINITY_DN2887_c0_g1,1.97097904053139,2.84159642673618,1.8972739718326899,0.085744970618892,0.0864467830890515,-4.50732522087259
Tpr_TRINITY_DN10879_c0_g1|Tdu_TRINITY_DN9127_c0_g1,1.18144351884745,2.68181873235545,0.8965083720330591,0.390165946509785,0.390632317471427,-5.70221592661587
Tpr_TRINITY_DN8383_c0_g1|Tdu_TRINITY_DN20853_c1_g3,2.1219085859606297,3.1085699409336502,2.00124371648591,0.0720109781878756,0.0727053945638435,-4.38119535845481
Tpr_TRINITY_DN10773_c8_g1|Tdu_TRINITY_DN4512_c1_g1,1.44427548378288,1.8237547553679498,1.14594930954521,0.277379286561253,0.278109756312791,-5.46229038149141
Tpr_TRINITY_DN14040_c0_g1|Tdu_TRINITY_DN23202_c2_g1,2.0355598213124297,3.58814205599559,2.04337622224183,0.0670558306228214,0.0677596377484319,-4.29606101509255
Tpr_TRINITY_DN6306_c0_g1|Tdu_TRINITY_DN15448_c0_g1,2.4740446106474905,3.09756969038202,1.8257447517218501,0.0965639976779834,0.0972841044684615,-4.71491259076734
Tpr_TRINITY_DN10247_c3_g2|Tdu_TRINITY_DN17596_c2_g3,4.1181842147596,6.48245927751665,2.04241689255373,0.0671649914320683,0.0678617573262973,-4.88887799490645
Tpr_TRINITY_DN11586_c4_g1|Tdu_TRINITY_DN19272_c1_g4,2.06976418520888,2.38154214338023,1.83730225566607,0.0947348019723266,0.0954527488656571,-4.60340556333469
Tpr_TRINITY_DN14062_c2_g1|Tdu_TRINITY_DN25386_c1_g1,1.9932178309799098,3.44800162129546,2.21757169464294,0.049795724054325,0.0504950344647732,-4.03184278696239
Tpr_TRINITY_DN8418_c0_g1|Tdu_TRINITY_DN10827_c0_g1,0.5566204795420671,1.8844352282741499,0.5224466041499191,0.612254673549402,0.612400901080701,-5.96464840431208
Tpr_TRINITY_DN12184_c5_g1|Tdu_TRINITY_DN12802_c0_g1,2.1140369949013103,2.62806758276716,1.66472204123904,0.125624826565084,0.126333719211087,-4.8555972824758795
Tpr_TRINITY_DN36790_c0_g1|Tdu_TRINITY_DN10210_c0_g1,0.8022756775974691,1.7117779069133703,0.507062085922559,0.622639263718432,0.622713608705144,-5.97268777922125
Tpr_TRINITY_DN13285_c0_g8|Tdu_TRINITY_DN11939_c0_g1,2.4215500392001097,3.85509305456938,1.8009170243369401,0.100603436755969,0.10131710788361098,-4.733391362499599
Tpr_TRINITY_DN15530_c0_g4|Tdu_TRINITY_DN23956_c1_g1,2.27231590159821,3.7940450876815803,1.45252653209781,0.17571099685272398,0.17644830471627101,-5.1714793424879995
Tpr_TRINITY_DN12512_c2_g1|Tdu_TRINITY_DN17543_c2_g1,2.3709675002369104,2.68045931794686,2.02685549440901,0.06895927263886201,0.0696578470360719,-4.3921686980037205
Tpr_TRINITY_DN10341_c1_g1|Tdu_TRINITY_DN19734_c3_g1,2.95163166346639,3.6893882051416598,2.20850383695357,0.0505781463675595,0.0512698237897469,-4.2600914814697095
Tpr_TRINITY_DN14320_c2_g3|Tdu_TRINITY_DN19860_c0_g1,1.73806065161667,2.6701415836474,2.17211714805693,0.0538380092901218,0.0545346675310267,-4.09668127351629
Tpr_TRINITY_DN13532_c3_g1|Tdu_TRINITY_DN17771_c4_g2,2.63073414028884,3.4757480380345203,2.1919629733790202,0.0520358683820268,0.0527155821925323,-4.20331770082857
Tpr_TRINITY_DN13442_c1_g1|Tdu_TRINITY_DN17860_c1_g5,2.06858331516651,3.69299637191104,1.95229466600597,0.0781989068119136,0.0788864318266396,-4.44507030754315
Tpr_TRINITY_DN12869_c4_g3|Tdu_TRINITY_DN10875_c0_g1,1.0849413131157901,1.30622938155058,1.26820404042052,0.23224930749615,0.232944581437882,-5.3282605764621795
Tpr_TRINITY_DN9432_c0_g1|Tdu_TRINITY_DN18871_c1_g1,1.33059651117119,1.7874963449097698,0.900409838319567,0.38818081190196096,0.388691270829746,-5.698837380972919
Tpr_TRINITY_DN12792_c2_g1|Tdu_TRINITY_DN14895_c0_g1,2.79821031027892,3.2714617936173203,2.2046895183502597,0.050910780314202,0.05160076184798599,-4.22686230590629
Tpr_TRINITY_DN11365_c1_g1|Tdu_TRINITY_DN20849_c0_g1,1.9932178309798998,2.57173869513162,2.04804053237068,0.0665274666402627,0.0672419525255026,-4.28909001785821
Tpr_TRINITY_DN12424_c0_g1|Tdu_TRINITY_DN10968_c0_g1,1.7097643524211699,2.65582034693144,1.73954051643526,0.11125955274371302,0.11194114279655698,-4.7294107032029595
Tpr_TRINITY_DN11477_c1_g2|Tdu_TRINITY_DN18469_c5_g1,1.7901003855891002,2.78200579566915,1.37709400898759,0.197263321437397,0.197996115082041,-5.20075175307962
Tpr_TRINITY_DN10872_c3_g1|Tdu_TRINITY_DN16784_c4_g2,1.5762517092265902,1.9102913166933302,1.9770418086623303,0.0750108161083145,0.0757067834345393,-4.38941489672213
Tpr_TRINITY_DN11460_c3_g8|Tdu_TRINITY_DN24578_c2_g1,1.85891734474491,2.79307195274836,1.99190555740998,0.0731548655450017,0.0738425107019684,-4.36749066732694
Tpr_TRINITY_DN9520_c0_g1|Tdu_TRINITY_DN15771_c0_g1,1.7901003855891002,2.9973193362808104,0.8339663758825729,0.42295293488461605,0.42340788605157703,-5.75465550233926
Tpr_TRINITY_DN13673_c3_g9|Tdu_TRINITY_DN13580_c0_g1,1.2617795520153798,2.1663721338193,1.0228512695674798,0.32947276197682107,0.330063850534368,-5.586620258167219
Tpr_TRINITY_DN10821_c9_g1|Tdu_TRINITY_DN15785_c0_g1,1.7097643524211699,3.47691624990517,1.8524347884439998,0.0923879256905146,0.0931104879778307,-4.57036071409264
Tpr_TRINITY_DN12686_c2_g4|Tdu_TRINITY_DN14027_c0_g1,1.97097904053139,2.2195597906851803,1.3859842784439098,0.19461244620253498,0.195358802659687,-5.1916476752097
Tpr_TRINITY_DN7694_c0_g1|Tdu_TRINITY_DN23247_c4_g3,1.44427548378288,2.56465638017787,1.4305814750635901,0.18176391992097002,0.182482871060535,-5.135515156118459
Tpr_TRINITY_DN11148_c0_g1|Tdu_TRINITY_DN21561_c0_g3,0.5566204795420671,2.6159208299192,0.647833856695702,0.531067134591693,0.5313208694863859,-5.89075395612412
Tpr_TRINITY_DN11034_c4_g7|Tdu_TRINITY_DN16298_c0_g1,2.5813688651108397,3.01679915678163,1.95757789131103,0.0775078414632102,0.078198708756426,-4.5461327061339505
Tpr_TRINITY_DN15694_c1_g1|Tdu_TRINITY_DN13416_c0_g1,2.55877475751189,3.0557875435831203,2.04762321731972,0.0665745787548751,0.0672814516953227,-4.40770888032283
Tpr_TRINITY_DN14917_c2_g16|Tdu_TRINITY_DN9775_c0_g1,1.96496640663912,2.59164994343993,1.88442993395297,0.0876012249760699,0.0883076014441643,-4.52587893746317
Tpr_TRINITY_DN9428_c0_g1|Tdu_TRINITY_DN30406_c0_g1,1.0849413131157901,3.92920425494627,0.54387984842611,0.597935484835298,0.598149721841688,-5.953069593951921
Tpr_TRINITY_DN15363_c5_g6|Tdu_TRINITY_DN17024_c6_g8,2.08979344014124,2.6796788576145496,1.54705018688127,0.151578799768988,0.15228787655811998,-5.009015618651969
Tpr_TRINITY_DN11870_c2_g5|Tdu_TRINITY_DN21382_c0_g1,1.0849413131157901,2.85260581192533,1.28516052711155,0.226487868861737,0.227220312562691,-5.30889059531537
Tpr_TRINITY_DN8636_c0_g1|Tdu_TRINITY_DN23250_c4_g1,2.18973234015859,3.5607768379847204,1.9979054356130501,0.0724179628511586,0.0731074914838261,-4.40864862820994
Tpr_TRINITY_DN10858_c1_g9|Tdu_TRINITY_DN23377_c2_g4,1.4924054535612699,3.00260954531892,1.7620268403193602,0.107241884907276,0.10793775870984698,-4.698133928751389
Tpr_TRINITY_DN14753_c2_g1|Tdu_TRINITY_DN19155_c2_g2,1.33059651117119,1.88387205492616,1.70371095209997,0.11794324873411698,0.11865153151536999,-4.77880931007622
Tpr_TRINITY_DN1069_c0_g1|Tdu_TRINITY_DN23974_c2_g1,2.23547388135906,3.61287238287848,1.6887438451854802,0.12084074626829101,0.12155183028019699,-4.859925907615231
Tpr_TRINITY_DN9496_c0_g1|Tdu_TRINITY_DN14783_c0_g1,1.33059651117119,3.0417714495175296,1.4430819718962902,0.17829456982926997,0.179021255920638,-5.1200333301528405
Tpr_TRINITY_DN12831_c0_g5|Tdu_TRINITY_DN18972_c2_g2,1.44427548378288,3.1264390565225697,1.5205563877934598,0.158033781783239,0.15875401249897,-5.02217332226602
Tpr_TRINITY_DN12063_c3_g1|Tdu_TRINITY_DN3950_c0_g1,2.03071682383167,3.39192427052931,1.56678099394203,0.146922357903905,0.147698232093508,-4.96785600076289
Tpr_TRINITY_DN11575_c5_g1|Tdu_TRINITY_DN18890_c0_g1,1.6132621466894999,2.48129776547034,1.67798310662137,0.12296324795876899,0.12367196984902099,-4.8139386410783604
Tpr_TRINITY_DN13219_c1_g4|Tdu_TRINITY_DN17546_c3_g2,1.0849413131157901,2.8152010493780804,1.03949245573304,0.322028518060092,0.32272204681398997,-5.5704680898713805
Tpr_TRINITY_DN11026_c7_g3|Tdu_TRINITY_DN14606_c0_g1,2.35140323398279,2.8838875792682703,2.0839027021148997,0.0625945076413399,0.0633049500125408,-4.30392168726783
Tpr_TRINITY_DN9124_c0_g1|Tdu_TRINITY_DN14239_c0_g1,2.76323515253802,4.452742154463599,2.10201672292755,0.060692686047384,0.0613963693638754,-4.38115875067593
Tpr_TRINITY_DN16124_c0_g1|Tdu_TRINITY_DN8459_c0_g1,2.28739658618762,3.2444419577228,1.8147726150336598,0.0983304710784302,0.0990518371320422,-4.68310245820752
Tpr_TRINITY_DN13339_c0_g13|Tdu_TRINITY_DN17468_c3_g4,2.3709675002369104,3.07411763360143,2.19784436078441,0.05151299367762901,0.0521985041185363,-4.13061275791314
Tpr_TRINITY_DN14847_c0_g4|Tdu_TRINITY_DN23362_c0_g3,3.26531876445418,3.1668130375853902,2.0091788541573603,0.07105217370064999,0.0717546427437479,-4.66624117992636
Tpr_TRINITY_DN11589_c9_g3|Tdu_TRINITY_DN10905_c0_g1,2.17775926395709,2.2683128284848197,2.08542039020023,0.0624330187623847,0.0631492531280925,-4.270067141278799
Tpr_TRINITY_DN8329_c0_g1|Tdu_TRINITY_DN17591_c3_g1,0.5566204795420671,2.5022565143975295,0.756921098137745,0.465820102999447,0.466209724306771,-5.814695416557321
Tpr_TRINITY_DN11549_c2_g3|Tdu_TRINITY_DN17891_c4_g1,1.0849413131157901,2.6684155653084303,1.20776633189289,0.25376000277592203,0.254458731384068,-5.3957779762624005
Tpr_TRINITY_DN13934_c0_g1|Tdu_TRINITY_DN13442_c0_g2,0.8022756775974691,2.55008828088281,0.998205832890148,0.340731568750702,0.34126122442375706,-5.61015315995803
Tpr_TRINITY_DN15205_c2_g1|Tdu_TRINITY_DN19316_c2_g2,1.91910809329218,2.48032792678913,2.06716374599578,0.0644020549509775,0.0651172878161984,-4.255472502696399
Tpr_TRINITY_DN15380_c0_g4|Tdu_TRINITY_DN21504_c2_g1,1.7647841011779999,2.4636440454385804,1.371180199397,0.199043435891344,0.19975890474789101,-5.20786226154368
Tpr_TRINITY_DN10345_c1_g6|Tdu_TRINITY_DN13191_c0_g1,3.16917336004368,3.37255639792566,2.11107754819388,0.0597620828274295,0.060462278748949,-4.48416276047361
Tpr_TRINITY_DN10461_c7_g4|Tdu_TRINITY_DN17103_c4_g2,1.4924054535612699,2.15421797291783,1.11654335236906,0.289203668488716,0.289930571784738,-5.492993300283611
Tpr_TRINITY_DN15181_c0_g10|Tdu_TRINITY_DN19106_c1_g1,2.33334869797544,3.04113852595669,1.9313786813570202,0.0809915955705921,0.0816741637971682,-4.53828543375393
Tpr_TRINITY_DN14121_c0_g1|Tdu_TRINITY_DN23520_c1_g2,2.5070222370357795,3.2029055507450597,2.21169098842496,0.0503018062892836,0.0510020493256312,-4.14091211552483
Tpr_TRINITY_DN10581_c4_g2|Tdu_TRINITY_DN21051_c0_g6,2.45585208630934,2.7255861396047205,1.7403217939057902,0.111117704493733,0.111811856419931,-4.83495711889484
Tpr_TRINITY_DN10590_c0_g6|Tdu_TRINITY_DN19112_c1_g1,2.14749419087003,2.93913075796709,0.913520746841982,0.381561615644802,0.382109049813589,-5.7358484918293
Tpr_TRINITY_DN12781_c3_g3|Tdu_TRINITY_DN16594_c9_g2,1.7901003855891002,4.37653941920609,1.56317797131303,0.147763191073377,0.14852567963885802,-4.96699068694791
Tpr_TRINITY_DN13279_c0_g1|Tdu_TRINITY_DN21639_c0_g1,1.4924054535612699,2.31633903310623,1.7937337211177502,0.10180064692841999,0.10249816308119301,-4.653683963426531
Tpr_TRINITY_DN12455_c2_g1|Tdu_TRINITY_DN14404_c0_g1,2.04177741588561,2.42673606604498,1.5570820406666899,0.14919539997628,0.14992929456524498,-4.98227842193171
Tpr_TRINITY_DN11354_c3_g4|Tdu_TRINITY_DN19099_c2_g2,2.8001242645348197,3.5873122626960097,2.05683851718334,0.0655415296625037,0.066253421729801,-4.45515845619543
Tpr_TRINITY_DN11637_c0_g1|Tdu_TRINITY_DN23605_c1_g2,1.6132621466894999,2.5018367010283997,1.31372261367719,0.217048245451363,0.21777624627463002,-5.27585117647796
Tpr_TRINITY_DN20691_c0_g1|Tdu_TRINITY_DN21316_c1_g5,1.95555549011251,3.0909142712800004,2.13530216406047,0.0573402381306647,0.0580471156130587,-4.15284904475453
Tpr_TRINITY_DN3647_c0_g1|Tdu_TRINITY_DN19983_c2_g2,2.6732334995705,3.25398892661965,2.2114111149176003,0.0503260143820722,0.0510204183568429,-4.181607927748661
Tpr_TRINITY_DN11905_c2_g1|Tdu_TRINITY_DN24938_c0_g1,3.76070449599829,5.70392443008521,1.91388032055181,0.0833989945501031,0.0840917272603423,-4.965742153685009
