,logFC,AveExpr,t,P.Value,adj.P.Val,B
Tpr_TRINITY_DN12056_c1_g1|Tdu_TRINITY_DN23604_c3_g1,1.30136986819424,7.293132934369289,5.71543755004994,0.000164245339649971,0.0412829337693826,1.22009469199563
Tpr_TRINITY_DN10982_c0_g3|Tdu_TRINITY_DN21045_c2_g1,2.0276555519521104,5.800848957312731,5.6063728472753205,0.00019190779826499098,0.0412829337693826,1.05424583103943
Tpr_TRINITY_DN10872_c5_g10|Tdu_TRINITY_DN23727_c2_g3,-2.6724470190555696,2.14092583897036,-5.40848276853891,0.00025562536811149,0.0454603985675677,0.28879456056155606
Tpr_TRINITY_DN10734_c0_g1|Tdu_TRINITY_DN23311_c1_g1,2.42370207058359,8.00463010555197,7.32526704880157,1.98466931982696e-05,0.0166235902228706,3.27374699396642
Tpr_TRINITY_DN14461_c0_g2|Tdu_TRINITY_DN21928_c9_g3,-1.2964558368713301,6.2940716235659595,-5.5537261319744005,0.000207006114889454,0.0412829337693826,0.978426300030308
Tpr_TRINITY_DN11938_c4_g1|Tdu_TRINITY_DN23777_c2_g1,2.45831717254223,6.97047559480266,10.37387714158,7.88265596297024e-07,0.00165062815864597,5.96795520871002
Tpr_TRINITY_DN15673_c17_g1|Tdu_TRINITY_DN21191_c1_g2,-1.00719335320336,6.94662224545843,-5.39552986506617,0.00026051804336715,0.0454603985675677,0.7134768679010591
Tpr_TRINITY_DN12816_c2_g1|Tdu_TRINITY_DN16601_c0_g1,0.9264963541056479,8.78069187239753,5.34037446482103,0.000282497591082224,0.0473239964580942,0.5880155612766179
Tpr_TRINITY_DN12061_c3_g11|Tdu_TRINITY_DN16136_c0_g1,-1.83198990244353,8.157323129703421,-5.59489361935367,0.000195096610477574,0.0412829337693826,0.9502854568873492
Tpr_TRINITY_DN10467_c0_g5|Tdu_TRINITY_DN25457_c5_g3,-1.25928871385944,5.89155407277966,-6.06647845489503,0.00010064144914296,0.0318177111840755,1.70710753314347
Tpr_TRINITY_DN11227_c1_g2|Tdu_TRINITY_DN19919_c2_g1,-2.91410275662164,2.27153523083527,-6.15218393881563,8.95267865821848e-05,0.0318177111840755,1.1042257601444199
Tpr_TRINITY_DN15431_c1_g7|Tdu_TRINITY_DN1956_c0_g1,1.9693743270033601,6.46707938614699,6.179405095987309,8.62780938894975e-05,0.0318177111840755,1.8486394905238699
Tpr_TRINITY_DN12041_c4_g1|Tdu_TRINITY_DN13441_c0_g1,1.44096637860154,10.780932571008599,6.656613417367259,4.585442397340779e-05,0.0262028968349255,2.3967793763065
Tpr_TRINITY_DN12013_c2_g3|Tdu_TRINITY_DN19290_c2_g1,1.13367513781285,7.232938240103401,5.50885639222276,0.000220876270647115,0.0420468100668235,0.925266927040309
Tpr_TRINITY_DN13536_c2_g1|Tdu_TRINITY_DN23682_c0_g1,1.64973636678868,7.20524365584851,5.5853057869352005,0.000197803395051842,0.0412829337693826,1.05292604108462
Tpr_TRINITY_DN13200_c4_g1|Tdu_TRINITY_DN21372_c4_g2,1.8902183447215302,7.81085789982806,5.981526574242049,0.00011313067979126699,0.0318177111840755,1.57930036051256
Tpr_TRINITY_DN10351_c3_g2|Tdu_TRINITY_DN17154_c6_g1,-1.51598375648343,6.19687042936652,-5.47359941387826,0.00023247028581053998,0.0432704691988686,0.866245704124797
Tpr_TRINITY_DN10119_c1_g1|Tdu_TRINITY_DN16521_c0_g1,-1.76637228922375,4.907722258475349,-5.4032733151663495,0.000257581242645782,0.0454603985675677,0.8265692246815429
Tpr_TRINITY_DN13054_c1_g7|Tdu_TRINITY_DN22324_c4_g9,-1.60026309107935,5.37530348306566,-5.671016816247421,0.000174959783109917,0.0412829337693826,1.1861940047588602
Tpr_TRINITY_DN8733_c0_g2|Tdu_TRINITY_DN23053_c5_g4,-1.15825755848488,6.6853670048807405,-6.268466349197481,7.65035101118021e-05,0.0318177111840755,1.9479799916405502
Tpr_TRINITY_DN14790_c0_g1|Tdu_TRINITY_DN18612_c1_g6,1.4470517618523502,6.62962566846112,5.690038300792309,0.000170282971350855,0.0412829337693826,1.2149416046033898
Tpr_TRINITY_DN14993_c1_g3|Tdu_TRINITY_DN20345_c2_g7,-3.01802082159037,2.88637925199548,-5.56362149269042,0.00020407424745563798,0.0412829337693826,0.705607092700979
Tpr_TRINITY_DN13522_c5_g7|Tdu_TRINITY_DN9582_c0_g1,-1.6599081228706798,5.271411197268541,-6.45630158696576,5.95720048962216e-05,0.0309447451377226,2.21426605602642
Tpr_TRINITY_DN13839_c4_g1|Tdu_TRINITY_DN24059_c2_g2,-1.65204277197855,7.863845043595529,-8.26541030111585,6.6695065637243e-06,0.0069829733722193395,4.3323102994199
Tpr_TRINITY_DN11974_c1_g2|Tdu_TRINITY_DN24006_c1_g1,-1.7927226244825603,6.62626512291502,-8.93854212856364,3.23104302657404e-06,0.00386617377008345,5.01993571769117
Tpr_TRINITY_DN14627_c4_g3|Tdu_TRINITY_DN19454_c1_g2,1.3579827544662602,7.85371720360868,6.06759965567337,0.000100486847142882,0.0318177111840755,1.67962602383731
Tpr_TRINITY_DN15476_c4_g6|Tdu_TRINITY_DN16709_c0_g2,-1.38685078307666,6.236743669287731,-6.10914911664494,9.49334161448495e-05,0.0318177111840755,1.75112317360154
Tpr_TRINITY_DN15984_c4_g3|Tdu_TRINITY_DN22258_c5_g4,4.14537933116542,8.77866504273916,13.4101330527595,6.41405369416965e-08,0.00053724113742365,8.220882703221001
Tpr_TRINITY_DN10855_c3_g7|Tdu_TRINITY_DN23834_c1_g2,2.5318619195086898,7.864097425119129,10.782992114281399,5.431702102178211e-07,0.0015165312269281599,6.529532663515901
Tpr_TRINITY_DN14731_c0_g1|Tdu_TRINITY_DN17915_c2_g5,-2.96152518456424,4.20042391712912,-6.638790396203571,4.6924958515267795e-05,0.0262028968349255,1.97622888977804
Tpr_TRINITY_DN12945_c1_g3|Tdu_TRINITY_DN21281_c2_g1,2.27808007343929,5.731260723744691,5.306505114162451,0.000296967607275377,0.0487725623242854,0.6192720513979261
Tpr_TRINITY_DN13584_c4_g1|Tdu_TRINITY_DN21118_c5_g1,0.9246654634258691,11.4723609315551,6.41631831902813,6.280571482107021e-05,0.0309447451377226,2.0736073660391496
Tpr_TRINITY_DN10744_c7_g1|Tdu_TRINITY_DN22154_c1_g1,1.2952834862918101,7.67668125488016,6.19305242713657,8.46971656574843e-05,0.0318177111840755,1.8549159806086002
Tpr_TRINITY_DN11118_c3_g2|Tdu_TRINITY_DN22303_c4_g1,2.27192129601221,8.876136649822369,9.97423403059191,1.1479172763342399e-06,0.00192299102131512,6.00317638240641
Tpr_TRINITY_DN12999_c3_g4|Tdu_TRINITY_DN21928_c11_g1,1.72771405369613,6.56425196406919,6.826625715011951,3.6868141101213104e-05,0.023754426912597,2.6493483666464503
Tpr_TRINITY_DN11854_c1_g1|Tdu_TRINITY_DN22020_c5_g1,-1.32193700164867,8.27536873810878,-5.3563521338144495,0.00027593398823706403,0.0471678180708908,0.601033235736192
Tpr_TRINITY_DN13119_c1_g2|Tdu_TRINITY_DN19634_c5_g4,1.4798816711739702,6.93564543873225,6.3611764056397,6.757849766726811e-05,0.0314465275811687,2.09733664044065
Tpr_TRINITY_DN15205_c2_g6|Tdu_TRINITY_DN19071_c3_g1,1.29817509958008,7.67866140083504,5.76058080874176,0.000154072089654423,0.0403283694670452,1.2622813656368101
Tpr_TRINITY_DN11700_c2_g3|Tdu_TRINITY_DN18621_c0_g2,2.3311387794160097,8.982000043757981,9.3855849692475,2.04385915251791e-06,0.0028532273769150103,5.464997144139461
Tpr_TRINITY_DN14193_c0_g2|Tdu_TRINITY_DN22593_c5_g3,-1.46593937679582,7.6623135937824705,-5.5236979843168905,0.000216181711477919,0.0420468100668235,0.860725570034212
Tpr_TRINITY_DN12207_c0_g1|Tdu_TRINITY_DN43039_c0_g1,-3.73353953590088,3.80680354540078,-6.89674110312142,3.37318259158589e-05,0.0235448144892695,2.2225533709715
Tpr_TRINITY_DN14529_c0_g8|Tdu_TRINITY_DN21399_c4_g3,-1.3326142416726698,5.988213459006491,-5.97624416349045,0.00011396028361058601,0.0318177111840755,1.58128030267189
Tpr_TRINITY_DN13966_c1_g1|Tdu_TRINITY_DN21585_c2_g2,2.0130083487323502,6.9218970193261695,7.09134338595694,2.64391135052556e-05,0.0201321831563655,2.96982729125852
Tpr_TRINITY_DN12777_c1_g1|Tdu_TRINITY_DN23042_c3_g1,2.4355152483277003,6.738028145917269,6.01822054618587,0.000107543482506875,0.0318177111840755,1.64337301542059
Tpr_TRINITY_DN11227_c1_g4|Tdu_TRINITY_DN20909_c0_g1,-3.8844202794238902,1.7763933781537802,-6.02615464538882,0.00010637472558490601,0.0318177111840755,0.869535862791838
Tpr_TRINITY_DN14034_c0_g2|Tdu_TRINITY_DN21413_c3_g1,-1.08621565768875,7.1426501215885905,-5.83716025250213,0.000138324386897009,0.0373743569241725,1.3374339321264
Tpr_TRINITY_DN14917_c2_g9|Tdu_TRINITY_DN17373_c2_g2,1.0952118573585798,6.86499537983784,5.56889620312356,0.00020252956511455401,0.0412829337693826,1.0303261607299399
Tpr_TRINITY_DN8294_c0_g1|Tdu_TRINITY_DN24190_c4_g1,1.66775590089717,7.20514411745888,5.65310608095701,0.000179489157338701,0.0412829337693826,1.14897134385908
Tpr_TRINITY_DN15151_c3_g4|Tdu_TRINITY_DN18680_c0_g4,-5.1132498043334405,1.2946442677393102,-8.02319939773816,8.752846689426951e-06,0.00814598265229335,2.12035998063751
Tpr_TRINITY_DN12489_c0_g1|Tdu_TRINITY_DN22258_c5_g2,3.10274713874669,7.5653442831340705,12.4920311112817,1.29299922542007e-07,0.0005415080756059269,7.44638555723647
Tpr_TRINITY_DN11050_c0_g5|Tdu_TRINITY_DN20167_c5_g2,1.07865004518362,10.107062790515599,6.17449676190272,8.685439936609741e-05,0.0318177111840755,1.75539352549581
