baseMean	log2FoldChange	lfcSE	stat	pvalue	padj
Tpr_TRINITY_DN11304_c2_g1|Tdu_TRINITY_DN19409_c1_g2	597.672702905842	-0.695272018173321	0.195043637391068	-3.56469981524843	0.000364272854408577	0.0095010931555743
Tpr_TRINITY_DN11343_c6_g1|Tdu_TRINITY_DN15656_c0_g1	371.066770914158	-0.735766039438491	0.204397329526211	-3.59968518739448	0.000318602667590577	0.00911409179417172
Tpr_TRINITY_DN11344_c0_g11|Tdu_TRINITY_DN17039_c4_g3	30.6204786922916	0.966299858774081	0.329888691043046	2.92916939868057	0.00339869142878011	0.044063736243307
Tpr_TRINITY_DN11351_c9_g1|Tdu_TRINITY_DN20498_c2_g4	110.20646430347	1.01243766217677	0.211766521655045	4.78091463307863	1.74499455162776e-06	0.000195793143335376
Tpr_TRINITY_DN10257_c3_g1|Tdu_TRINITY_DN23349_c0_g1	15.3879127224012	1.47205628270974	0.385177090072005	3.82176489893143	0.000132499980539472	0.00497885520094932
Tpr_TRINITY_DN10262_c3_g1|Tdu_TRINITY_DN22410_c2_g3	173.547858558576	0.858324985560998	0.209075293447878	4.10533914077695	4.03722140384371e-05	0.0020342090573458
Tpr_TRINITY_DN10264_c7_g11|Tdu_TRINITY_DN22349_c4_g4	30.3177472670132	1.88100385693841	0.401566978893531	4.68415969391032	2.81110783367159e-06	0.000289870979872089
Tpr_TRINITY_DN10268_c7_g5|Tdu_TRINITY_DN20806_c6_g1	74.0549227548058	0.807240514059699	0.27848881652168	2.89864607183196	0.00374777688388752	0.0466787716380822
Tpr_TRINITY_DN11384_c4_g4|Tdu_TRINITY_DN19529_c1_g4	40.8694508882509	-1.30708694953261	0.388575002759827	-3.36379576722413	0.000768784113401926	0.0157814294390006
Tpr_TRINITY_DN11390_c1_g4|Tdu_TRINITY_DN21933_c1_g3	76.9131966743897	-0.813655956973844	0.276568707574599	-2.94196680495525	0.00326134884964566	0.0426572884935955
Tpr_TRINITY_DN11397_c3_g1|Tdu_TRINITY_DN22539_c0_g2	187.224272935879	-0.743436810673346	0.203136871185568	-3.65978271858981	0.000252429200964518	0.00782707046906763
Tpr_TRINITY_DN11433_c2_g3|Tdu_TRINITY_DN23243_c3_g2	35.706425003875	1.10502628295088	0.299264673725398	3.69247151424508	0.000222085222835997	0.00706156350197373
Tpr_TRINITY_DN11434_c1_g1|Tdu_TRINITY_DN18592_c2_g1	137.453240786414	-0.713721521396798	0.207021497749877	-3.44757201138171	0.000565649594836462	0.0128881813527169
Tpr_TRINITY_DN11434_c2_g1|Tdu_TRINITY_DN20705_c1_g2	236.592100595275	-0.579594828284679	0.196094760737984	-2.9556874752973	0.00311973032193969	0.0416653139984354
Tpr_TRINITY_DN11436_c1_g7|Tdu_TRINITY_DN21318_c0_g1	40.2476851467556	-1.05067081279176	0.356630639796698	-2.94610360285002	0.00321804594191952	0.0423578195842418
Tpr_TRINITY_DN11457_c8_g1|Tdu_TRINITY_DN24531_c2_g1	191.791542322938	0.830896144387128	0.219225852043861	3.79013759846575	0.000150563856008485	0.00547213227493133
Tpr_TRINITY_DN11521_c3_g1|Tdu_TRINITY_DN17771_c1_g1	267.34281709766	-1.09030060684607	0.226222450277924	-4.81959507337397	1.43849889339259e-06	0.000167850107718494
Tpr_TRINITY_DN11552_c1_g4|Tdu_TRINITY_DN19118_c0_g1	22.2309964559016	1.77208663031634	0.416137891069113	4.25841209932511	2.05884145590547e-05	0.00121718706873131
Tpr_TRINITY_DN11576_c2_g6|Tdu_TRINITY_DN19858_c2_g1	43.5134151890567	1.44479263567864	0.411812143849437	3.50837792730771	0.000450848087424069	0.0108644588023822
Tpr_TRINITY_DN11581_c0_g10|Tdu_TRINITY_DN18035_c3_g1	28.4301566319303	-1.3186146791575	0.399900570600002	-3.29735633329825	0.000975995914828215	0.0185732441474176
Tpr_TRINITY_DN11610_c1_g2|Tdu_TRINITY_DN12438_c0_g1	69.8892250982895	-1.52487686432577	0.440312734618149	-3.46316775427398	0.000533855446406969	0.0123287242154609
Tpr_TRINITY_DN11622_c2_g1|Tdu_TRINITY_DN16617_c0_g1	1247.60463481619	-0.732088567248882	0.204410964930964	-3.58145448555625	0.000341686669419448	0.00929471590310325
Tpr_TRINITY_DN11700_c2_g3|Tdu_TRINITY_DN18621_c0_g2	747.302266159932	-2.41549385281193	0.291256621099396	-8.29335258952829	1.10100359485216e-16	1.22046248489362e-13
Tpr_TRINITY_DN11712_c1_g8|Tdu_TRINITY_DN19492_c0_g1	437.569370467729	-0.896524380467055	0.208408317911421	-4.30176870794621	1.69440130517614e-05	0.00110408504545557
Tpr_TRINITY_DN11734_c6_g3|Tdu_TRINITY_DN18619_c6_g15	126.672779409738	-0.746474925493763	0.256149321937169	-2.91421784702935	0.00356580980359122	0.045419638042571
Tpr_TRINITY_DN11789_c3_g2|Tdu_TRINITY_DN19172_c2_g4	144.355947234722	-1.13370740835662	0.287803252404382	-3.93917510968116	8.17622398584756e-05	0.00348590164935077
Tpr_TRINITY_DN11794_c8_g1|Tdu_TRINITY_DN14260_c0_g1	7.94962218305768	1.50635215752551	0.495093314174434	3.04256210778637	0.00234573405087452	0.0343266824474509
Tpr_TRINITY_DN11801_c0_g1|Tdu_TRINITY_DN20191_c0_g4	84.397840897305	1.27513765209778	0.301172551659473	4.23391057741389	2.29662296406106e-05	0.00128901597755022
Tpr_TRINITY_DN11810_c2_g8|Tdu_TRINITY_DN18465_c1_g3	14.0414597454303	-1.76451868601308	0.5283391498753	-3.33974623389076	0.000838549759944277	0.01674833169186
Tpr_TRINITY_DN11865_c0_g6|Tdu_TRINITY_DN22326_c6_g1	1389.31866942073	-0.739831228942365	0.174080663653713	-4.24993341255902	2.13834073729483e-05	0.00124220884429712
Tpr_TRINITY_DN11903_c1_g4|Tdu_TRINITY_DN22646_c1_g2	135.066124435013	-1.02702964816238	0.244661557206971	-4.1977565249189	2.69572223572269e-05	0.00145766248697493
Tpr_TRINITY_DN11928_c4_g5|Tdu_TRINITY_DN16184_c0_g2	133.218833358433	-0.706319156918185	0.232686357441276	-3.03549879195836	0.00240138185476185	0.0350096075291395
Tpr_TRINITY_DN11939_c7_g2|Tdu_TRINITY_DN23530_c3_g1	12.3767406209949	1.55999749514099	0.465543946473703	3.35091350012668	0.000805454576297303	0.0162679804777599
Tpr_TRINITY_DN11974_c1_g2|Tdu_TRINITY_DN24006_c1_g1	90.1873869707525	1.38621826501916	0.368982072876737	3.75687158514675	0.000172050726598061	0.00595994470106097
Tpr_TRINITY_DN12029_c2_g4|Tdu_TRINITY_DN20678_c3_g1	166.215119933416	-0.653557589560296	0.192733684423347	-3.39098788836896	0.00069641178643939	0.0148456243320781
Tpr_TRINITY_DN12041_c4_g1|Tdu_TRINITY_DN13441_c0_g1	1950.85803072016	-1.66073016457728	0.278321031129188	-5.96695893888963	2.41716205507077e-09	7.14513103478919e-07
Tpr_TRINITY_DN12060_c2_g8|Tdu_TRINITY_DN17339_c3_g2	14.4959375561964	-1.86157726213798	0.530249530046758	-3.51075702410112	0.000446832612695523	0.0108284135182139
Tpr_TRINITY_DN12129_c2_g2|Tdu_TRINITY_DN21529_c2_g1	654.566737910377	-0.711130164740972	0.158929592831986	-4.47449812252871	7.65909995689937e-06	0.000616225183608099
Tpr_TRINITY_DN10344_c0_g1|Tdu_TRINITY_DN19161_c0_g4	51.269087401072	1.08477553732149	0.326607239424392	3.32134566041244	0.00089584513919148	0.0174863637198342
Tpr_TRINITY_DN12176_c3_g2|Tdu_TRINITY_DN24936_c6_g1	261.017839152716	0.531695013301151	0.179619217796543	2.96012319741537	0.00307516042320485	0.0415709186478363
Tpr_TRINITY_DN12179_c4_g10|Tdu_TRINITY_DN22701_c4_g1	18.5638109648945	1.2541104895214	0.433011249625102	2.89625382852571	0.00377646804586814	0.046773350042959
Tpr_TRINITY_DN10351_c3_g2|Tdu_TRINITY_DN17154_c6_g1	79.4313641364155	1.33143212403477	0.330488165692114	4.02868320941679	5.60901402315908e-05	0.00264578384879653
Tpr_TRINITY_DN10351_c7_g3|Tdu_TRINITY_DN20767_c4_g2	43.0361626460309	-1.38671517957721	0.386895398544005	-3.58421212760816	0.000338097228667121	0.00929471590310325
Tpr_TRINITY_DN12282_c4_g1|Tdu_TRINITY_DN19603_c0_g2	41.1758583639424	1.58670681800968	0.339159835095027	4.67834529275884	2.89199247913582e-06	0.000291433969374733
Tpr_TRINITY_DN12292_c0_g2|Tdu_TRINITY_DN21345_c2_g2	36.6639168730996	1.55697954145049	0.462815646484409	3.36414629297314	0.000767808323205236	0.0157814294390006
Tpr_TRINITY_DN12403_c2_g9|Tdu_TRINITY_DN17638_c2_g2	159.634005524126	-1.33137430318548	0.326324830851696	-4.07990498213282	4.50541131469723e-05	0.00219527404058984
Tpr_TRINITY_DN12489_c0_g1|Tdu_TRINITY_DN22258_c5_g2	300.123537303936	-2.87740746189945	0.276927910026326	-10.3904567135393	2.74037722688049e-25	4.05027754132937e-22
Tpr_TRINITY_DN12500_c1_g1|Tdu_TRINITY_DN13289_c0_g1	15.9420273597924	2.1014771874932	0.408313004489431	5.14673097449091	2.65065039028742e-07	4.19749422519087e-05
Tpr_TRINITY_DN12534_c0_g1|Tdu_TRINITY_DN11812_c0_g1	25.7745204347279	1.37043770161193	0.316615838241523	4.32839275894506	1.50201438456136e-05	0.00104061434080392
Tpr_TRINITY_DN10372_c7_g4|Tdu_TRINITY_DN20612_c5_g4	50.2610426406956	0.951027438501352	0.25612255274453	3.71317335513971	0.000204676584737717	0.00687527255096239
Tpr_TRINITY_DN12546_c0_g4|Tdu_TRINITY_DN17263_c4_g3	76.0001123557198	1.08969979747552	0.297003054244127	3.66898515656279	0.000243515215869735	0.00760384836032679
Tpr_TRINITY_DN12597_c4_g1|Tdu_TRINITY_DN16847_c0_g1	162.892576105189	-0.72085081254281	0.251295798770502	-2.86853507328681	0.0041237747460008	0.0495568368855213
Tpr_TRINITY_DN12602_c1_g5|Tdu_TRINITY_DN17022_c2_g2	289.172689084232	-1.29282053323821	0.236725140552705	-5.46127263973629	4.72733394479793e-08	9.52772668692456e-06
Tpr_TRINITY_DN12605_c2_g1|Tdu_TRINITY_DN17231_c3_g4	17.840774410911	1.3667002746924	0.427966179947849	3.19347728565595	0.00140570396001338	0.0239640949389027
Tpr_TRINITY_DN12633_c1_g1|Tdu_TRINITY_DN11559_c0_g1	58.1132818050591	-1.55697476459929	0.339814229414708	-4.58184098788626	4.6090030962609e-06	0.000430685229250023
Tpr_TRINITY_DN10373_c1_g5|Tdu_TRINITY_DN21823_c8_g2	112.586985244436	-0.97693208126939	0.272726287034568	-3.58209724442721	0.000340846860319477	0.00929471590310325
Tpr_TRINITY_DN10373_c1_g6|Tdu_TRINITY_DN19189_c1_g1	91.209626703105	-0.690111213873617	0.231314530497801	-2.98343217950235	0.0028503519810787	0.0393721516638721
Tpr_TRINITY_DN10379_c1_g6|Tdu_TRINITY_DN24934_c1_g4	32.9693160379676	1.02601939288343	0.303704522853234	3.37834742546543	0.000729228861868481	0.0153392148321363
Tpr_TRINITY_DN12715_c2_g4|Tdu_TRINITY_DN16681_c0_g1	215.774625675159	-0.537451298831861	0.175207602459931	-3.06751129109693	0.00215849305944454	0.0322247751702932
Tpr_TRINITY_DN12738_c6_g4|Tdu_TRINITY_DN24536_c2_g1	190.042084724371	-1.12094801823829	0.346313344402391	-3.23680284446627	0.00120876891695767	0.0215248248104028
Tpr_TRINITY_DN12748_c2_g1|Tdu_TRINITY_DN24142_c2_g1	14.6342275801074	1.69631915813805	0.423272151892368	4.00763232486271	6.133050031862e-05	0.00277489222870164
Tpr_TRINITY_DN12775_c0_g5|Tdu_TRINITY_DN22675_c1_g3	84.278113358522	1.16923796499428	0.389823622648191	2.99940254274816	0.00270509649164056	0.0379569552023235
Tpr_TRINITY_DN10383_c2_g2|Tdu_TRINITY_DN22414_c2_g4	7.75593741979934	1.62306075071128	0.510170351095348	3.18140940026509	0.00146560355835714	0.0245990210320234
Tpr_TRINITY_DN10383_c2_g7|Tdu_TRINITY_DN22414_c2_g3	39.8371547345443	1.43200885295578	0.405442495489591	3.53196536842189	0.000412483371398552	0.0103249043175865
Tpr_TRINITY_DN12810_c3_g3|Tdu_TRINITY_DN18422_c1_g3	93.2066233059208	-1.0863164698734	0.28468823765832	-3.81581086317022	0.00013573644920884	0.00503202856776599
Tpr_TRINITY_DN12831_c0_g9|Tdu_TRINITY_DN15080_c0_g1	172.763187004056	-1.00571996014204	0.322796032506085	-3.11565155350253	0.00183539008108634	0.0289612797848286
Tpr_TRINITY_DN12842_c1_g1|Tdu_TRINITY_DN18003_c5_g2	26.0948161801901	-1.96206965039867	0.468055123411369	-4.19196276733034	2.7655139056163e-05	0.00147376187766279
Tpr_TRINITY_DN12928_c3_g1|Tdu_TRINITY_DN17926_c0_g1	73.8056236612062	0.844024996118854	0.293776715066175	2.87301529642583	0.00406574430285684	0.0491212813048154
Tpr_TRINITY_DN12945_c1_g3|Tdu_TRINITY_DN21281_c2_g1	87.885181953981	-1.50550568963781	0.491279949656532	-3.06445579692465	0.00218066396759977	0.0324465235984476
Tpr_TRINITY_DN13046_c2_g2|Tdu_TRINITY_DN14773_c0_g1	60.3430474915148	0.906885983235812	0.256995559048	3.52880021193841	0.000417448155860999	0.0103343497652826
Tpr_TRINITY_DN13068_c4_g2|Tdu_TRINITY_DN16945_c6_g1	5.21605163164311	1.61332803349786	0.527852090014164	3.05640171559151	0.00224010908043987	0.033219544022309
Tpr_TRINITY_DN13078_c1_g3|Tdu_TRINITY_DN18192_c1_g5	1988.82990819045	-1.13308873466463	0.232590343263627	-4.87160695824909	1.10694210387798e-06	0.000140068793114296
Tpr_TRINITY_DN13113_c1_g1|Tdu_TRINITY_DN17744_c4_g1	11.9978526056947	1.27677296860304	0.410660280105002	3.10907343723765	0.00187675064479957	0.0291752063599921
Tpr_TRINITY_DN13186_c1_g3|Tdu_TRINITY_DN22701_c8_g1	64.6305904970168	-0.990447524517663	0.311518657036912	-3.17941639174537	0.00147571934923731	0.0245990210320234
Tpr_TRINITY_DN13200_c4_g1|Tdu_TRINITY_DN21372_c4_g2	281.1416830923	-1.46135724948252	0.235084480010537	-6.21630679072059	5.08992422011297e-10	1.88072699933174e-07
Tpr_TRINITY_DN13207_c1_g6|Tdu_TRINITY_DN22546_c4_g1	23.7918449908804	-1.69024721404976	0.467734883578476	-3.61368645656333	0.000301874086833123	0.00869162143518227
Tpr_TRINITY_DN13274_c3_g8|Tdu_TRINITY_DN22646_c2_g2	187.245583059364	-0.674354264864945	0.195712307974962	-3.44564055190243	0.000569707610539584	0.0128881813527169
Tpr_TRINITY_DN13348_c2_g2|Tdu_TRINITY_DN17805_c2_g5	155.839877291937	1.1095002589192	0.326561433439571	3.397523850974	0.000679986601321668	0.0146402398359236
Tpr_TRINITY_DN13349_c1_g1|Tdu_TRINITY_DN19154_c0_g1	46.5017582521552	1.35476484106347	0.376813621284996	3.59531812157824	0.00032399541880729	0.00920894671148411
Tpr_TRINITY_DN13434_c2_g2|Tdu_TRINITY_DN24515_c0_g1	7.92682719592342	1.60519672165767	0.469527877932611	3.41874635586188	0.000629103399032406	0.0139583744173348
Tpr_TRINITY_DN13438_c1_g1|Tdu_TRINITY_DN18960_c1_g1	206.446195218207	-0.838711449701686	0.198442401144818	-4.22647299600864	2.37382744448954e-05	0.00131569386110833
Tpr_TRINITY_DN13536_c3_g2|Tdu_TRINITY_DN22025_c4_g3	107.2694511124	-0.875368743068323	0.294413781038417	-2.97326008307369	0.00294654659298056	0.0400766490591282
Tpr_TRINITY_DN13551_c4_g2|Tdu_TRINITY_DN24419_c0_g1	31.7464177336215	-1.65205440805335	0.408129591911947	-4.04786724803277	5.16864457408477e-05	0.00249106196103172
Tpr_TRINITY_DN13559_c2_g3|Tdu_TRINITY_DN16826_c7_g3	157.599256087123	0.936822713684529	0.212826884400296	4.40180626768235	1.0735339418278e-05	0.00079709209705355
Tpr_TRINITY_DN10426_c1_g6|Tdu_TRINITY_DN15129_c0_g1	92.7832369743578	-0.962928793745414	0.309785735484628	-3.10837034584246	0.00188122167931512	0.0291752063599921
Tpr_TRINITY_DN10438_c1_g4|Tdu_TRINITY_DN18943_c1_g1	5.69998522968283	1.55343693444871	0.536735102428305	2.89423391058388	0.00380084903115579	0.0469441910978963
Tpr_TRINITY_DN13564_c5_g8|Tdu_TRINITY_DN14384_c0_g1	61.6518169444982	1.90069316167705	0.445995973155338	4.26168233813862	2.02893711608122e-05	0.00121571718550056
Tpr_TRINITY_DN13571_c2_g2|Tdu_TRINITY_DN17059_c2_g2	169.268739921131	1.80772257573084	0.432860184389663	4.17622743075746	2.96383500277676e-05	0.00154607581203672
Tpr_TRINITY_DN13611_c1_g2|Tdu_TRINITY_DN18842_c0_g3	405.667130064357	-0.775642749089847	0.175370654722601	-4.42287650871091	9.73954162738997e-06	0.000744571165100813
Tpr_TRINITY_DN13611_c1_g4|Tdu_TRINITY_DN18842_c0_g2	76.8071877390536	1.15207329313748	0.337853015816129	3.40998374797541	0.000649667507205434	0.0142933517053405
Tpr_TRINITY_DN13629_c5_g2|Tdu_TRINITY_DN25502_c2_g1	109.702061986754	1.21915319620849	0.214305982029464	5.68884351553413	1.27902606146547e-08	3.10443997518957e-06
Tpr_TRINITY_DN13676_c1_g6|Tdu_TRINITY_DN19073_c1_g2	342.865127242178	1.15674241676458	0.264602531803064	4.37162263294409	1.23326548556534e-05	0.00088198373596721
Tpr_TRINITY_DN13688_c2_g2|Tdu_TRINITY_DN17464_c11_g1	147.157866939868	0.59261841376401	0.203414991532055	2.91334679563488	0.00357577248404718	0.045419638042571
Tpr_TRINITY_DN13705_c0_g3|Tdu_TRINITY_DN17259_c2_g7	191.842965769804	-1.03319556255056	0.212317675542186	-4.86627201391564	1.13722971405382e-06	0.000140068793114296
Tpr_TRINITY_DN10444_c1_g2|Tdu_TRINITY_DN31867_c0_g1	16.3110408860969	-1.72375330117971	0.504238336391527	-3.41852885188258	0.000629606423876175	0.0139583744173348
Tpr_TRINITY_DN13792_c2_g6|Tdu_TRINITY_DN15145_c0_g1	142.795612594488	-2.00838077889117	0.441076129078566	-4.55336538634905	5.27944588444493e-06	0.000477735980645486
Tpr_TRINITY_DN13839_c4_g1|Tdu_TRINITY_DN24059_c2_g2	180.674784675023	1.4002412667836	0.186213475758025	7.51954852399158	5.49657158580189e-14	2.70797760127173e-11
Tpr_TRINITY_DN13868_c2_g1|Tdu_TRINITY_DN24297_c1_g3	17.1176088537877	1.38466097123582	0.463591222046037	2.98681447229456	0.0028190074162236	0.0391511228834592
Tpr_TRINITY_DN10453_c9_g2|Tdu_TRINITY_DN17804_c1_g1	36.3266402643361	-1.24529393607898	0.376299021852619	-3.30932015169231	0.000935228291174909	0.0179515248617729
Tpr_TRINITY_DN13928_c3_g5|Tdu_TRINITY_DN18004_c5_g1	64.6912183579656	-1.66527834528159	0.386328088705013	-4.31052878102565	1.628646289866e-05	0.00107782352974117
Tpr_TRINITY_DN13936_c2_g4|Tdu_TRINITY_DN24503_c1_g1	16.5853964298868	-1.70500355959562	0.502408541656524	-3.39365957826661	0.000689653643843557	0.0147725809507359
Tpr_TRINITY_DN13945_c0_g1|Tdu_TRINITY_DN20630_c1_g2	116.182215466862	-1.06333262489568	0.244373398525082	-4.35126176299645	1.35356340031778e-05	0.000952650812223656
Tpr_TRINITY_DN13996_c0_g2|Tdu_TRINITY_DN19249_c2_g2	98.1925768122992	-1.31234669427232	0.43613583701899	-3.00903200994046	0.00262081501517668	0.0372458133887609
Tpr_TRINITY_DN14038_c1_g3|Tdu_TRINITY_DN19350_c5_g1	431.600147393475	-0.52595229266018	0.157996106472517	-3.32889401139559	0.000871915783764523	0.0171825537120529
Tpr_TRINITY_DN10473_c5_g1|Tdu_TRINITY_DN17133_c2_g1	126.028575686631	-0.768729645863505	0.228781319682588	-3.36010670333593	0.000779123747188694	0.0158469481423609
Tpr_TRINITY_DN14042_c0_g2|Tdu_TRINITY_DN18561_c2_g4	70.0617848747699	-1.27121451963303	0.38852373876904	-3.27190952002217	0.00106823756838626	0.0197356890759361
Tpr_TRINITY_DN14060_c5_g2|Tdu_TRINITY_DN22134_c0_g3	173.881266327211	0.783561456965699	0.240930471428409	3.25223062205533	0.001145030746026	0.0206384810076393
Tpr_TRINITY_DN14066_c2_g3|Tdu_TRINITY_DN17551_c2_g5	89.7120181753419	0.759615246685838	0.260051069725561	2.92102334932704	0.00348883678960216	0.0448391371741913
Tpr_TRINITY_DN14093_c1_g15|Tdu_TRINITY_DN16091_c0_g1	34.9884006715731	-1.53523237890053	0.422432483916042	-3.63426686477468	0.000278772202503679	0.00813207859145599
Tpr_TRINITY_DN14111_c3_g3|Tdu_TRINITY_DN19487_c0_g2	272.094463002657	-0.824836571520285	0.223110799040168	-3.69698183623906	0.000218177946297752	0.00701106691259096
Tpr_TRINITY_DN14116_c0_g1|Tdu_TRINITY_DN21790_c1_g3	605.590148359972	-0.464953460360951	0.156793070938928	-2.96539545769885	0.00302294067794315	0.0409899662568805
Tpr_TRINITY_DN14125_c1_g1|Tdu_TRINITY_DN17911_c0_g1	47.4400168972767	-1.15345424699957	0.373568750256517	-3.08766256869058	0.00201737394874425	0.0304252928188164
Tpr_TRINITY_DN14130_c1_g1|Tdu_TRINITY_DN15553_c0_g1	109.168538333382	-0.687681876114721	0.227404970857532	-3.02404065100913	0.00249422921576695	0.0355617633244343
Tpr_TRINITY_DN14136_c0_g9|Tdu_TRINITY_DN18685_c5_g4	14.6490397922185	1.71634978638003	0.387233963600601	4.43233276962838	9.32189981725321e-06	0.000725145680521065
Tpr_TRINITY_DN14153_c0_g4|Tdu_TRINITY_DN20833_c0_g1	8.14229145667083	1.43188670702703	0.481464781604708	2.97402169740141	0.00293924290764817	0.0400766490591282
Tpr_TRINITY_DN14193_c0_g2|Tdu_TRINITY_DN22593_c5_g3	195.96253791375	1.35424407891344	0.347401752901249	3.89820738555224	9.69074084536624e-05	0.00405365518003339
Tpr_TRINITY_DN14255_c6_g4|Tdu_TRINITY_DN20410_c3_g11	163.027950581502	-0.979754119998038	0.342096538378147	-2.86396969885453	0.00418368030798197	0.0498667701225593
Tpr_TRINITY_DN14265_c1_g1|Tdu_TRINITY_DN25548_c2_g4	165.021324572186	-0.765609258603234	0.252851513070753	-3.02790064138949	0.00246259040659179	0.0355617633244343
Tpr_TRINITY_DN14271_c1_g1|Tdu_TRINITY_DN16675_c0_g2	92.9691636467223	-0.838811910716418	0.27734250102091	-3.02446219973036	0.00249075594849941	0.0355617633244343
Tpr_TRINITY_DN14293_c0_g7|Tdu_TRINITY_DN24970_c1_g2	313.779050777777	0.559819975137392	0.17786596140726	3.1474261331856	0.00164714717643183	0.0266549291251778
Tpr_TRINITY_DN14321_c4_g14|Tdu_TRINITY_DN20648_c1_g4	98.5916186304368	0.850391339784738	0.243985656533365	3.48541529804416	0.000491373762020082	0.0117137164558981
Tpr_TRINITY_DN14380_c1_g3|Tdu_TRINITY_DN21119_c1_g2	78.0044685725783	0.913838188479373	0.246676690817147	3.70459886360633	0.000211725520227157	0.00694296777268426
Tpr_TRINITY_DN14494_c5_g2|Tdu_TRINITY_DN18361_c0_g4	33.0819355944892	1.025721940021	0.280510588363372	3.65662467861031	0.000255558138486716	0.00786293219027591
Tpr_TRINITY_DN14505_c1_g2|Tdu_TRINITY_DN3450_c0_g1	29.1197488870192	-1.17852679157396	0.369843152523007	-3.1865583654429	0.00143976434862265	0.0242734415277294
Tpr_TRINITY_DN14580_c3_g5|Tdu_TRINITY_DN20872_c4_g1	319.977006571402	0.464085750800761	0.146114485672936	3.17617893026415	0.00149228876284231	0.0247820538368644
Tpr_TRINITY_DN14614_c1_g6|Tdu_TRINITY_DN1401_c0_g1	70.8780726103824	-1.17860659825549	0.380165256301596	-3.10024805980815	0.00193358631643699	0.029460566305515
Tpr_TRINITY_DN14639_c1_g2|Tdu_TRINITY_DN4307_c0_g1	53.0328408521896	1.5834153128584	0.300024851492997	5.27761385424887	1.30876889222663e-07	2.52307881223168e-05
Tpr_TRINITY_DN14694_c0_g3|Tdu_TRINITY_DN13497_c0_g2	9.46758489723917	1.86811222501922	0.432248642843251	4.32184636308196	1.54728919285496e-05	0.00105548927401829
Tpr_TRINITY_DN14781_c1_g8|Tdu_TRINITY_DN20667_c0_g4	641.615286270906	-0.966634003242208	0.277830027517436	-3.47922797215122	0.000502860609441402	0.011860020969485
Tpr_TRINITY_DN14831_c0_g1|Tdu_TRINITY_DN14230_c0_g1	8.70610788759168	1.59155144378435	0.45931750460332	3.4650354663902	0.000530161557688554	0.0123075201402673
Tpr_TRINITY_DN14845_c2_g3|Tdu_TRINITY_DN25236_c0_g1	59.1871402299611	1.61801272338213	0.361456680828709	4.47636690425121	7.59239624402245e-06	0.000616225183608099
Tpr_TRINITY_DN14866_c4_g1|Tdu_TRINITY_DN17257_c0_g1	510.693445818644	0.523139862049384	0.181666038748264	2.87967891882259	0.00398080352508888	0.0484914363468244
Tpr_TRINITY_DN14915_c5_g8|Tdu_TRINITY_DN16163_c0_g1	722.538799774277	-1.13093272178324	0.284478284865638	-3.97546238834148	7.0242645109039e-05	0.00311455888413479
Tpr_TRINITY_DN14917_c2_g9|Tdu_TRINITY_DN17373_c2_g2	119.051466752315	-1.08270679202677	0.224140188786429	-4.83048933744954	1.36197908322981e-06	0.00016321662851462
Tpr_TRINITY_DN14977_c2_g1|Tdu_TRINITY_DN18580_c5_g2	201.431291546951	-0.640261213857342	0.204026050061882	-3.13813463360756	0.00170026760363992	0.0272465315874972
Tpr_TRINITY_DN14993_c1_g3|Tdu_TRINITY_DN20345_c2_g7	7.10445282038244	1.92087458717637	0.520355166533518	3.69146827151304	0.000222963213864755	0.00706156350197373
Tpr_TRINITY_DN15038_c1_g5|Tdu_TRINITY_DN18588_c1_g5	74.8456184343526	-1.21060105097981	0.340573723575746	-3.55459322659859	0.000378564276064472	0.00970096170493454
Tpr_TRINITY_DN15052_c1_g1|Tdu_TRINITY_DN18149_c4_g1	209.054415136796	1.1237264634982	0.328327204622367	3.42258103403488	0.000620296054857867	0.0138908722587868
Tpr_TRINITY_DN15064_c1_g2|Tdu_TRINITY_DN20847_c8_g1	141.089657264373	-1.3407283098875	0.237336257533118	-5.64906653464192	1.6132141394976e-08	3.57649574726619e-06
Tpr_TRINITY_DN15181_c0_g9|Tdu_TRINITY_DN20057_c3_g8	52.9788317790235	-1.70818112370226	0.501027418139558	-3.40935657781998	0.000651163068218038	0.0142933517053405
Tpr_TRINITY_DN15217_c1_g1|Tdu_TRINITY_DN20010_c1_g5	54.8826181681609	0.942713819690497	0.308725313999282	3.05356825936434	0.00226137269393234	0.03342308841632
Tpr_TRINITY_DN15226_c1_g2|Tdu_TRINITY_DN22501_c3_g4	21.3583865499544	-1.43042811978717	0.491848522545715	-2.90826962818461	0.00363434837805555	0.0457803997394838
Tpr_TRINITY_DN15334_c2_g2|Tdu_TRINITY_DN11385_c0_g1	36.3841700835881	-1.55449944796545	0.525926750027847	-2.95573375547668	0.00311926227664047	0.0416653139984354
Tpr_TRINITY_DN15350_c0_g1|Tdu_TRINITY_DN15243_c0_g1	98.2075121275583	1.51693445911836	0.291928765175894	5.19624867458459	2.03350201017736e-07	3.33946219004682e-05
Tpr_TRINITY_DN15376_c1_g2|Tdu_TRINITY_DN22483_c4_g1	136.139224082904	-1.05631573823581	0.234060822783611	-4.51299677439985	6.3917994584372e-06	0.000545023823052126
Tpr_TRINITY_DN15394_c3_g2|Tdu_TRINITY_DN15869_c0_g1	1114.64431278	-0.582703036452718	0.157354172428417	-3.70313050782177	0.000212955258702088	0.00694296777268426
Tpr_TRINITY_DN15431_c1_g7|Tdu_TRINITY_DN1956_c0_g1	107.564084623393	-1.86735284620074	0.315986312766027	-5.90960041862138	3.42938571585697e-09	9.50368516506862e-07
Tpr_TRINITY_DN15503_c4_g1|Tdu_TRINITY_DN20089_c3_g1	56.8592065823311	-0.98619873933297	0.321448139357732	-3.06798708277933	0.00215505933228675	0.0322247751702932
Tpr_TRINITY_DN15545_c0_g3|Tdu_TRINITY_DN16825_c0_g1	51.3530830158392	-1.46996663641156	0.364039607295816	-4.0379305079765	5.39248212694179e-05	0.00257099631729676
Tpr_TRINITY_DN15593_c0_g2|Tdu_TRINITY_DN25087_c0_g1	116.758495500299	0.815165631813288	0.255339950425818	3.1924719592601	0.00141060640032783	0.0239640949389027
Tpr_TRINITY_DN15607_c2_g6|Tdu_TRINITY_DN18551_c3_g5	191.954788883495	-1.00013072016524	0.23550601629849	-4.24673108519499	2.16912045001794e-05	0.00124220884429712
Tpr_TRINITY_DN15635_c5_g1|Tdu_TRINITY_DN24369_c2_g2	371.406658562543	-1.01628828733975	0.27982120087191	-3.63192025540968	0.000281320062475419	0.00815276573213078
Tpr_TRINITY_DN15686_c1_g1|Tdu_TRINITY_DN24412_c2_g2	20.6348962045424	1.35095496179001	0.412028238219223	3.27879217120848	0.00104252382860984	0.0193412161341256
Tpr_TRINITY_DN15728_c0_g2|Tdu_TRINITY_DN25137_c1_g3	19.5564209386072	1.20011798392243	0.38586082926629	3.11023533071351	0.00186938342648592	0.0291752063599921
Tpr_TRINITY_DN15747_c3_g4|Tdu_TRINITY_DN20954_c5_g1	24.564825105841	1.37390416084448	0.346818039644544	3.9614552987284	7.44943297802521e-05	0.00327037483411523
Tpr_TRINITY_DN15800_c7_g1|Tdu_TRINITY_DN16846_c0_g1	46.6880730974964	-1.00954964351832	0.321399686166323	-3.1411033892419	0.00168312603724617	0.0271381121787255
Tpr_TRINITY_DN15815_c2_g1|Tdu_TRINITY_DN17973_c0_g3	42.7445652836326	1.47314639006316	0.34269683181503	4.29868692471101	1.71812963771842e-05	0.00110408504545557
Tpr_TRINITY_DN15818_c1_g1|Tdu_TRINITY_DN17859_c4_g2	68.4720291073597	0.784753364502279	0.239093154459883	3.2822075825427	0.00102997751501627	0.0193412161341256
Tpr_TRINITY_DN10119_c1_g1|Tdu_TRINITY_DN16521_c0_g1	24.3339393755274	1.18901936792064	0.364352154092386	3.26337954796104	0.00110091971491376	0.0201586272927926
Tpr_TRINITY_DN10123_c0_g1|Tdu_TRINITY_DN18294_c3_g1	172.130195216299	0.74662309042374	0.242371494514696	3.0804905169179	0.00206659935522852	0.0310620391223162
Tpr_TRINITY_DN10137_c2_g2|Tdu_TRINITY_DN4820_c0_g1	599.398965004312	-1.00525424344033	0.298638449703319	-3.36612463813349	0.000762322550406857	0.0157814294390006
Tpr_TRINITY_DN15916_c2_g3|Tdu_TRINITY_DN16190_c2_g1	53.1568929042197	-2.03241318731814	0.352816964767161	-5.76053135273532	8.38495526616109e-09	2.1869936264799e-06
Tpr_TRINITY_DN15925_c0_g1|Tdu_TRINITY_DN24795_c1_g1	105.136575443215	-0.764228832059864	0.239788832259767	-3.18709101194489	0.00143711545795016	0.0242734415277294
Tpr_TRINITY_DN17581_c0_g1|Tdu_TRINITY_DN21221_c2_g1	41.2774980726041	-1.74092617391926	0.478631088110319	-3.63730275188058	0.000275508028628794	0.00813207859145599
Tpr_TRINITY_DN10604_c4_g1|Tdu_TRINITY_DN17453_c7_g1	287.116379863801	-0.797511288613042	0.191290888788179	-4.16910232194147	3.05801687649959e-05	0.00157665660818595
Tpr_TRINITY_DN10614_c6_g3|Tdu_TRINITY_DN3639_c0_g1	175.337278373468	-0.872468665915001	0.300915757670584	-2.89937845950262	0.00373903275288208	0.0466787716380822
Tpr_TRINITY_DN6412_c0_g1|Tdu_TRINITY_DN15987_c0_g1	22.6689246679614	1.49357001770048	0.480888209075494	3.10585701523409	0.00189728433895655	0.0292102734685186
Tpr_TRINITY_DN7370_c0_g1|Tdu_TRINITY_DN15737_c0_g1	23.0971827359819	1.15165206026757	0.394868712902663	2.91654421491595	0.00353932554492393	0.0452258486057426
Tpr_TRINITY_DN7908_c0_g1|Tdu_TRINITY_DN12618_c0_g1	107.966527303798	-0.950543934765689	0.24462965928464	-3.8856446824368	0.000102058688212518	0.00418262606807584
Tpr_TRINITY_DN8294_c0_g1|Tdu_TRINITY_DN24190_c4_g1	198.324796320552	-1.42650792817522	0.379953493729881	-3.75442771738102	0.000173737971511933	0.00597173771847993
Tpr_TRINITY_DN8391_c0_g2|Tdu_TRINITY_DN24864_c2_g1	5.6596789891069	-1.7022034676211	0.566717682346461	-3.00361806353603	0.00266790013017976	0.0376654114322296
Tpr_TRINITY_DN10646_c5_g2|Tdu_TRINITY_DN17036_c2_g3	215.377322777754	1.08568858751202	0.317034441110361	3.42451307091297	0.000615902216408325	0.0138624894799721
Tpr_TRINITY_DN9135_c0_g1|Tdu_TRINITY_DN21812_c0_g1	10.0526971116394	1.66796248564114	0.45310380777279	3.68119282386951	0.000232145352841535	0.00730023045744231
Tpr_TRINITY_DN9258_c0_g1|Tdu_TRINITY_DN19858_c5_g1	12.4579203101055	1.70652569787032	0.475934091581103	3.5856344986783	0.000336259642964958	0.00929471590310325
Tpr_TRINITY_DN9406_c0_g1|Tdu_TRINITY_DN16627_c0_g1	71.9757786194326	2.01075382696805	0.278944428159185	7.20843875691459	5.65970157832727e-13	2.50951167983031e-10
Tpr_TRINITY_DN9428_c0_g1|Tdu_TRINITY_DN30406_c0_g1	42.4624218696933	-2.74070704003978	0.53906261498768	-5.08420907671814	3.69161120570308e-07	5.45620136202915e-05
Tpr_TRINITY_DN9761_c0_g1|Tdu_TRINITY_DN20598_c3_g1	85.8097344827379	-1.07402628105975	0.284135230346829	-3.77998279111233	0.000156839198544198	0.00561309354229875
Tpr_TRINITY_DN9807_c0_g1|Tdu_TRINITY_DN14910_c0_g1	17.8010668252373	-1.73760529791518	0.511174955382962	-3.39923793139161	0.00067573903744062	0.0146402398359236
Tpr_TRINITY_DN9941_c1_g1|Tdu_TRINITY_DN20624_c9_g1	144.115355439183	-0.703748943289178	0.226517266071058	-3.10682251951784	0.00189109897315898	0.0292102734685186
Tpr_TRINITY_DN9947_c0_g1|Tdu_TRINITY_DN16221_c0_g1	25.6188231484769	0.989743854451875	0.336806482278153	2.9386128430702	0.0032968461868195	0.0429947529186991
Tpr_TRINITY_DN10170_c1_g7|Tdu_TRINITY_DN19871_c1_g2	31.4796173622969	1.35147192704498	0.461983214126544	2.92537019900206	0.00344046670449264	0.0443460156038382
Tpr_TRINITY_DN10714_c0_g1|Tdu_TRINITY_DN22325_c0_g3	34.5436486892234	1.4954599818089	0.42422201842901	3.52518237348199	0.000423191336135546	0.0103670186984807
Tpr_TRINITY_DN10723_c4_g1|Tdu_TRINITY_DN22749_c1_g3	193.002006434047	-1.24553882727055	0.304159954518218	-4.09501253787157	4.22145542080022e-05	0.00208945699829494
Tpr_TRINITY_DN10734_c0_g1|Tdu_TRINITY_DN23311_c1_g1	366.8889139406	-2.41679157097466	0.314184161547252	-7.69227690878104	1.44539367049883e-14	8.45178101876624e-12
Tpr_TRINITY_DN10734_c0_g8|Tdu_TRINITY_DN8874_c0_g1	10.6165924359613	-1.68602629530297	0.537325465523588	-3.13781200312189	0.00170214011045032	0.0272465315874972
Tpr_TRINITY_DN10744_c2_g1|Tdu_TRINITY_DN24037_c1_g3	67.4842138207688	1.11327167490492	0.260241481181436	4.2778409877277	1.88714745250229e-05	0.00117853687385847
Tpr_TRINITY_DN10803_c2_g3|Tdu_TRINITY_DN17879_c3_g1	60.2207230210636	0.986084875169114	0.306271952213612	3.21963819423256	0.00128352478928601	0.0226739000625266
Tpr_TRINITY_DN10819_c4_g2|Tdu_TRINITY_DN22364_c3_g1	33.3878862871493	-1.53694921974749	0.407097261261034	-3.77538580089337	0.000159760204552946	0.00562203767450606
Tpr_TRINITY_DN10821_c6_g1|Tdu_TRINITY_DN19847_c3_g1	57.1584171607475	0.82373862400853	0.271756390980917	3.03116560032023	0.00243611597881387	0.0352997982028127
Tpr_TRINITY_DN10822_c8_g1|Tdu_TRINITY_DN24055_c4_g1	11.9807937474486	-2.0711545203701	0.542898129305988	-3.81499660538111	0.000136184805622895	0.00503202856776599
Tpr_TRINITY_DN10907_c5_g3|Tdu_TRINITY_DN19919_c1_g1	5129.09517394872	-1.06313760949248	0.343030710830851	-3.09924906407787	0.00194011848471141	0.029460566305515
Tpr_TRINITY_DN10951_c0_g2|Tdu_TRINITY_DN17623_c4_g1	44.5770753020554	1.53074674113629	0.472739768272936	3.23803251570854	0.00120357091269152	0.0215248248104028
Tpr_TRINITY_DN10982_c0_g3|Tdu_TRINITY_DN21045_c2_g1	68.7433620043808	-2.03141611410094	0.33119015885505	-6.13368501384129	8.58664514124486e-10	2.92870650432921e-07
Tpr_TRINITY_DN11009_c2_g2|Tdu_TRINITY_DN22916_c2_g3	442.029803673751	0.74577496603435	0.195659430733274	3.81159734156133	0.000138071662518465	0.00505958472402377
Tpr_TRINITY_DN11045_c1_g2|Tdu_TRINITY_DN18569_c7_g1	243.225264705074	-0.770698922178171	0.194986548049725	-3.95257483086284	7.73147396623267e-05	0.0033282869481821
Tpr_TRINITY_DN11071_c2_g6|Tdu_TRINITY_DN14969_c0_g1	64.20090247606	0.766641016459047	0.244630508600408	3.13387328851659	0.00172515334612116	0.0275155753118749
Tpr_TRINITY_DN11118_c3_g2|Tdu_TRINITY_DN22303_c4_g1	585.115911634318	-1.86528434607994	0.23824252288995	-7.82935104721652	4.90394601688829e-15	4.34881932777654e-12
Tpr_TRINITY_DN11148_c0_g1|Tdu_TRINITY_DN21561_c0_g3	9.36917698047592	-1.77449164706676	0.552163431733843	-3.21370729223175	0.00131033176567485	0.0226902465667839
Tpr_TRINITY_DN10237_c5_g1|Tdu_TRINITY_DN17567_c6_g6	268.157475867072	-1.63705831994815	0.213008182104751	-7.68542458685036	1.5249041080318e-14	8.45178101876624e-12
Tpr_TRINITY_DN11187_c2_g2|Tdu_TRINITY_DN18842_c0_g1	279.905388277581	-0.595444616131918	0.188179085803713	-3.16424438767344	0.00155486174491817	0.0254400626456353
Tpr_TRINITY_DN11197_c3_g1|Tdu_TRINITY_DN19995_c1_g2	5.70046172368051	1.49861623272496	0.511861804931703	2.9277750718769	0.00341396923871228	0.044132768526094
Tpr_TRINITY_DN11205_c1_g1|Tdu_TRINITY_DN22997_c11_g1	174.214875990623	-1.08102888409501	0.205605001435785	-5.25779468663678	1.45793155813903e-07	2.59049559352619e-05
Tpr_TRINITY_DN11232_c3_g2|Tdu_TRINITY_DN20747_c2_g3	256.560209151801	0.431970149211532	0.149803405736216	2.88358029704727	0.00393182392722079	0.0481594124124226
Tpr_TRINITY_DN11232_c3_g6|Tdu_TRINITY_DN20747_c2_g5	17.4702903183979	1.09688422276257	0.37660967740876	2.91252266885339	0.00358522176700492	0.045419638042571
Tpr_TRINITY_DN11257_c0_g1|Tdu_TRINITY_DN22117_c0_g2	271.31890012477	-0.707316089329986	0.228888475350409	-3.0902215074269	0.00200007272188014	0.0302673121120019
Tpr_TRINITY_DN11309_c0_g2|Tdu_TRINITY_DN20766_c2_g1	771.753378776446	0.563444864358043	0.147377908034529	3.82312974768262	0.000131768396493269	0.00497885520094932
Tpr_TRINITY_DN11322_c3_g1|Tdu_TRINITY_DN20240_c0_g1	20.6075130477216	-1.55525618771637	0.465542356309675	-3.34074046461592	0.00083555289852582	0.01674833169186
Tpr_TRINITY_DN11329_c4_g3|Tdu_TRINITY_DN18247_c3_g2	78.3271315683111	-1.04142793619128	0.29871195306975	-3.48639525632945	0.000489577062651488	0.0117137164558981
Tpr_TRINITY_DN11348_c2_g6|Tdu_TRINITY_DN15944_c0_g1	153.113659576282	0.808676221711843	0.201127067247755	4.02072298262913	5.80198006478638e-05	0.00267978954242321
Tpr_TRINITY_DN11362_c2_g6|Tdu_TRINITY_DN16925_c0_g1	92.9195093173881	0.685444422881756	0.193525155234177	3.54188798894039	0.000397274133032857	0.0100657914621011
Tpr_TRINITY_DN11364_c3_g3|Tdu_TRINITY_DN21852_c11_g1	454.70596879988	-0.732173124502207	0.161383900863056	-4.53684116313125	5.71030809054356e-06	0.000496460903401375
Tpr_TRINITY_DN11385_c1_g11|Tdu_TRINITY_DN22111_c8_g1	188.61944245223	-0.639559539200618	0.195653001114468	-3.26884604661105	0.00107987040298746	0.0198678230989477
Tpr_TRINITY_DN11430_c3_g1|Tdu_TRINITY_DN17493_c7_g1	71.607691329861	1.2995235486117	0.367325282756224	3.53780044450175	0.000403474867963034	0.0101648157076596
Tpr_TRINITY_DN11434_c2_g7|Tdu_TRINITY_DN16638_c0_g2	50.0307361673478	-1.20939901676475	0.40598218899263	-2.97894599702921	0.00289241750357084	0.0397131868251545
Tpr_TRINITY_DN11436_c3_g1|Tdu_TRINITY_DN24981_c1_g3	28.9344775937937	-1.77805265020279	0.443394962297108	-4.01008762253678	6.069621945897e-05	0.00277450553691828
Tpr_TRINITY_DN11464_c3_g7|Tdu_TRINITY_DN17181_c1_g1	13.9536985366263	-1.83661202954094	0.551042112547112	-3.33297943609331	0.000859212927051202	0.0170078130292189
Tpr_TRINITY_DN11475_c5_g5|Tdu_TRINITY_DN51102_c0_g1	14.9233116160346	-1.46432304847267	0.495593609013802	-2.9546850924623	0.00312988344414292	0.041675384958948
Tpr_TRINITY_DN11525_c2_g4|Tdu_TRINITY_DN21302_c1_g1	226.33192420976	-0.889197343455423	0.19569743631462	-4.54373526910118	5.52660582136382e-06	0.000490099404238544
Tpr_TRINITY_DN11540_c1_g5|Tdu_TRINITY_DN23152_c1_g1	5.06149048718821	1.61048751102066	0.545675610497156	2.9513642905047	0.00316373538608472	0.0418746349310437
Tpr_TRINITY_DN11599_c1_g1|Tdu_TRINITY_DN23608_c1_g3	146.986789646165	0.572180391584812	0.199677049523522	2.8655290778293	0.00416313037301266	0.049755579714119
Tpr_TRINITY_DN10283_c5_g1|Tdu_TRINITY_DN22764_c5_g8	41.9813590775597	0.993998179203563	0.277495646932368	3.58203161091685	0.000340932526450246	0.00929471590310325
Tpr_TRINITY_DN10283_c6_g2|Tdu_TRINITY_DN19734_c6_g1	89.0128945669353	1.19548879376642	0.338906810875742	3.52748530098069	0.00041952705407101	0.0103343497652826
Tpr_TRINITY_DN11741_c2_g14|Tdu_TRINITY_DN16701_c0_g1	46.8552764253515	0.944611482807578	0.246017820186064	3.83960593624139	0.000123231947624155	0.0047930741733816
Tpr_TRINITY_DN11756_c0_g1|Tdu_TRINITY_DN24539_c6_g1	8.86395903433382	-1.62278138628738	0.556338991153488	-2.91689313906038	0.00353536873030479	0.0452258486057426
Tpr_TRINITY_DN11764_c9_g1|Tdu_TRINITY_DN20422_c3_g1	230.493154366294	0.792593780937178	0.176482767058779	4.4910548159821	7.08713065744613e-06	0.000592912025190871
Tpr_TRINITY_DN11822_c3_g1|Tdu_TRINITY_DN21864_c4_g1	13.1104139565215	1.67982275326315	0.4616622538369	3.63864002157867	0.000274081595619092	0.00813207859145599
Tpr_TRINITY_DN10313_c7_g1|Tdu_TRINITY_DN19480_c4_g1	132.728516347248	-0.807043449201196	0.279859270717648	-2.88374741752053	0.00392973810112856	0.0481594124124226
Tpr_TRINITY_DN11923_c1_g1|Tdu_TRINITY_DN25222_c3_g1	175.465640003444	1.85534119495186	0.241247890743286	7.69060068975336	1.464458248051e-14	8.45178101876624e-12
Tpr_TRINITY_DN11923_c1_g2|Tdu_TRINITY_DN19222_c0_g1	31.5952966027234	1.05870313427785	0.329438339561118	3.21366097124052	0.00131054314965919	0.0226902465667839
Tpr_TRINITY_DN11969_c5_g5|Tdu_TRINITY_DN23028_c3_g1	120.290131941345	0.694650100882341	0.231340629374798	3.0027155314639	0.0026758242221814	0.0376654114322296
Tpr_TRINITY_DN12009_c6_g3|Tdu_TRINITY_DN18335_c0_g1	44.4911887416824	-1.23583472327752	0.355561120301068	-3.47573076108852	0.000509463476901159	0.0119521749025383
Tpr_TRINITY_DN12032_c3_g5|Tdu_TRINITY_DN13890_c0_g1	22.8114030749049	1.94430312711694	0.37052096429092	5.24748479708247	1.54189768931086e-07	2.62952859784784e-05
Tpr_TRINITY_DN12056_c4_g2|Tdu_TRINITY_DN18937_c3_g7	207.084599383426	1.03396107937346	0.240963257930853	4.29094911918136	1.77911078996691e-05	0.0011269396061019
Tpr_TRINITY_DN12096_c4_g4|Tdu_TRINITY_DN23701_c1_g1	75.7423432180919	0.941769644487659	0.293668775316413	3.20691106323085	0.00134168468011723	0.0229692273036285
Tpr_TRINITY_DN12135_c1_g1|Tdu_TRINITY_DN24533_c0_g1	24.8218231273242	1.32997902798512	0.372768336658268	3.56784334181358	0.000359931581747838	0.00949063046511407
Tpr_TRINITY_DN12141_c2_g2|Tdu_TRINITY_DN23282_c7_g1	47.1520910162663	-1.28982845710501	0.374280929250947	-3.44615062190414	0.000568633322082663	0.0128881813527169
Tpr_TRINITY_DN12155_c5_g2|Tdu_TRINITY_DN19989_c2_g1	49.7820533364094	-1.43047849834856	0.368611548802275	-3.88072078315667	0.000104147352644735	0.00419808510569779
Tpr_TRINITY_DN12171_c1_g3|Tdu_TRINITY_DN14745_c0_g1	9.51105676996899	1.47871325848359	0.494991756415613	2.98734926252389	0.00281408029801261	0.0391511228834592
Tpr_TRINITY_DN12221_c2_g1|Tdu_TRINITY_DN21747_c2_g1	4.38677832341192	1.70075687165183	0.565608349213312	3.00695149570788	0.0026388186428622	0.0373818589854664
Tpr_TRINITY_DN12232_c1_g1|Tdu_TRINITY_DN17493_c5_g1	72.1452219705568	-0.82197429307569	0.276302514401734	-2.97490703208212	0.00293077354278768	0.0400766490591282
Tpr_TRINITY_DN12235_c1_g6|Tdu_TRINITY_DN23881_c0_g2	18.7470515497254	1.66002580803472	0.456711502752298	3.63473614750415	0.000278265274564945	0.00813207859145599
Tpr_TRINITY_DN12273_c3_g2|Tdu_TRINITY_DN21880_c1_g5	157.79525750877	-0.995147296161498	0.333258885702121	-2.98610881466788	0.00282552082153968	0.0391511228834592
Tpr_TRINITY_DN12311_c2_g4|Tdu_TRINITY_DN15998_c0_g1	113.84067124207	-1.06420629584338	0.328673869074421	-3.23787923524401	0.00120421772370467	0.0215248248104028
Tpr_TRINITY_DN12318_c2_g1|Tdu_TRINITY_DN25407_c2_g1	22.8587663809683	1.25798083356395	0.358326525345959	3.51071088680747	0.000446910165501387	0.0108284135182139
Tpr_TRINITY_DN12368_c0_g1|Tdu_TRINITY_DN18105_c1_g6	53.5491888526927	1.10142134859063	0.3026265925949	3.63953920620919	0.000273126352277074	0.00813207859145599
Tpr_TRINITY_DN12386_c0_g4|Tdu_TRINITY_DN25318_c3_g1	65.5487480485995	1.15915329226704	0.334446185511073	3.46588881106752	0.000528481784787454	0.0123075201402673
Tpr_TRINITY_DN12400_c4_g1|Tdu_TRINITY_DN21299_c0_g4	428.060653230395	-0.512051268251239	0.156133795763529	-3.27956715422944	0.0010396646328515	0.0193412161341256
Tpr_TRINITY_DN12490_c1_g1|Tdu_TRINITY_DN19583_c2_g1	17.5787816690411	1.49645646726309	0.35716633316498	4.18980270061415	2.79197108082261e-05	0.00147376187766279
Tpr_TRINITY_DN12506_c0_g13|Tdu_TRINITY_DN25199_c4_g1	13.6669763932314	1.67327593855635	0.394168839379307	4.24507411897715	2.18521176939954e-05	0.00124220884429712
Tpr_TRINITY_DN12514_c0_g5|Tdu_TRINITY_DN19685_c5_g1	136.990923035192	1.71838702717493	0.552843168806491	3.10827215408066	0.0018818468694086	0.0291752063599921
Tpr_TRINITY_DN12525_c1_g1|Tdu_TRINITY_DN23691_c2_g2	258.904082385574	-0.617123814659021	0.19457202517283	-3.17169857337331	0.00151550218428724	0.0249804337737161
Tpr_TRINITY_DN10010_c0_g1|Tdu_TRINITY_DN19621_c0_g1	315.644306932237	-1.37073950472796	0.3857844858438	-3.55312241685884	0.000380687265822871	0.00970096170493454
Tpr_TRINITY_DN10038_c0_g1|Tdu_TRINITY_DN23704_c8_g1	23.3952675414408	1.37288402622454	0.363411408621611	3.77776809878308	0.000158240120159527	0.00561309354229875
Tpr_TRINITY_DN12559_c3_g4|Tdu_TRINITY_DN21072_c2_g3	79.6753127007801	-0.855941030041646	0.280674377880373	-3.04958734212091	0.00229155989817205	0.033664311697429
Tpr_TRINITY_DN12664_c1_g1|Tdu_TRINITY_DN19958_c1_g1	393.077527979433	-0.551041987128287	0.186423487767275	-2.95586137630999	0.00311797194063301	0.0416653139984354
Tpr_TRINITY_DN12691_c1_g2|Tdu_TRINITY_DN19378_c5_g2	178.938609879856	0.733385105784925	0.248328421366328	2.95328702912766	0.00314409471935284	0.0417392694179955
Tpr_TRINITY_DN12843_c0_g4|Tdu_TRINITY_DN21049_c0_g1	37.7765054541777	1.19705827969992	0.32121820320938	3.72662030899801	0.000194064461751438	0.00656856353744945
Tpr_TRINITY_DN12888_c2_g1|Tdu_TRINITY_DN23919_c1_g5	45.0746359798327	-1.30711253358201	0.358621375709851	-3.64482605364705	0.000267572714453589	0.00808387273474371
Tpr_TRINITY_DN12896_c9_g2|Tdu_TRINITY_DN20213_c4_g1	19.5377835698053	1.14146695073918	0.392437357914925	2.90866026823734	0.00362981071981906	0.0457803997394838
Tpr_TRINITY_DN12927_c1_g2|Tdu_TRINITY_DN16850_c0_g1	42.8183859881833	1.67256592012212	0.391508917892461	4.27210171642002	1.93639206860581e-05	0.00119249478224974
Tpr_TRINITY_DN12957_c1_g1|Tdu_TRINITY_DN22162_c1_g1	76.9941934455926	-0.901804796161381	0.2980106335081	-3.02608261170275	0.00247744604110609	0.0355617633244343
Tpr_TRINITY_DN12979_c6_g1|Tdu_TRINITY_DN35654_c0_g1	18.8761718396281	2.33047683501472	0.507352757899863	4.59340527616623	4.36071005759931e-06	0.000420334530334682
Tpr_TRINITY_DN12991_c2_g2|Tdu_TRINITY_DN18243_c0_g1	361.048182601955	-1.14158364541488	0.203798112246788	-5.60154180443285	2.1245353430859e-08	4.48580462440138e-06
Tpr_TRINITY_DN12995_c4_g1|Tdu_TRINITY_DN24262_c1_g1	53.529343846958	0.981920478735018	0.316518463178397	3.1022534005594	0.00192053483925159	0.0293643154387639
Tpr_TRINITY_DN12999_c3_g3|Tdu_TRINITY_DN19855_c3_g2	235.663775703899	-0.727301335267791	0.226465216690054	-3.21153661431015	0.00132027145111192	0.0226902465667839
Tpr_TRINITY_DN13038_c3_g11|Tdu_TRINITY_DN18109_c5_g7	34.9277819080449	0.842939762995525	0.286132348110087	2.94597856049191	0.00321934713574414	0.0423578195842418
Tpr_TRINITY_DN13098_c0_g1|Tdu_TRINITY_DN17185_c0_g1	163.179211870289	-1.18370209131491	0.350595170439942	-3.37626468108375	0.000734771963230489	0.0153678249290754
Tpr_TRINITY_DN13119_c1_g2|Tdu_TRINITY_DN19634_c5_g4	132.274982506073	-1.26099838213462	0.264894359333204	-4.76038215879276	1.93226729445808e-06	0.000208967638625052
Tpr_TRINITY_DN13192_c1_g3|Tdu_TRINITY_DN20250_c3_g1	6954.35162283793	0.807781910059255	0.251380818233114	3.21337926949609	0.00131182936204386	0.0226902465667839
Tpr_TRINITY_DN13219_c1_g3|Tdu_TRINITY_DN51324_c0_g1	61.3901481555998	-1.36981814262176	0.340256294399819	-4.0258421818118	5.6771757106696e-05	0.00264974706327463
Tpr_TRINITY_DN13316_c3_g3|Tdu_TRINITY_DN22027_c3_g3	477.378198644144	-1.27701770677808	0.333572595057038	-3.82830521961709	0.000129028685212847	0.00493201026063588
Tpr_TRINITY_DN13349_c4_g7|Tdu_TRINITY_DN4134_c0_g1	39.7171434545667	-1.21284017059333	0.350871373962079	-3.45665181202388	0.000546931038701718	0.0125652446922457
Tpr_TRINITY_DN13384_c0_g3|Tdu_TRINITY_DN20981_c0_g1	179.535165417866	-1.41603017141855	0.395867103312172	-3.57703421064998	0.000347514707254618	0.009338667951315
Tpr_TRINITY_DN13388_c3_g2|Tdu_TRINITY_DN21728_c1_g1	20.5191549085044	1.51082893896159	0.407579866484478	3.70682917189465	0.000209870402430327	0.00694296777268426
Tpr_TRINITY_DN13448_c0_g2|Tdu_TRINITY_DN16995_c0_g1	19.4996710761447	1.43362445301904	0.422944462067502	3.38962814647337	0.00069987489082252	0.0148480634732395
Tpr_TRINITY_DN13489_c1_g5|Tdu_TRINITY_DN13518_c0_g1	15.4456190756016	-1.80794681937647	0.50691956460683	-3.56653588775712	0.000361731291972097	0.00949063046511407
Tpr_TRINITY_DN13509_c0_g1|Tdu_TRINITY_DN20057_c3_g7	1701.23585415903	-0.503002877612716	0.151860327881526	-3.31227309087029	0.000925411626508322	0.0178403267475561
Tpr_TRINITY_DN13525_c0_g2|Tdu_TRINITY_DN19860_c2_g7	177.679326556452	-0.692383330321363	0.207508943254702	-3.33664332467595	0.000847966942303079	0.0168604727451653
Tpr_TRINITY_DN13559_c0_g3|Tdu_TRINITY_DN14654_c0_g2	488.569419023145	-1.05948367059659	0.295323823627922	-3.58753201005359	0.000333822761311565	0.00929471590310325
Tpr_TRINITY_DN13578_c0_g1|Tdu_TRINITY_DN15295_c0_g1	7.18762526843087	2.31438167828701	0.484334694727261	4.77847592477406	1.76628906933131e-06	0.000195793143335376
Tpr_TRINITY_DN13604_c0_g1|Tdu_TRINITY_DN20967_c0_g4	785.492181754743	-1.20516341885012	0.273852038170662	-4.40078309038938	1.07860906231874e-05	0.00079709209705355
Tpr_TRINITY_DN13624_c3_g1|Tdu_TRINITY_DN19555_c2_g1	565.57793289267	-1.46998257725515	0.211426178955804	-6.95269897282884	3.58362857532881e-12	1.44452810027345e-09
Tpr_TRINITY_DN13639_c1_g1|Tdu_TRINITY_DN23161_c1_g3	23.0932876394501	1.45264133626045	0.331988039632117	4.37558334291247	1.21108156543968e-05	0.000880317321501562
Tpr_TRINITY_DN13672_c4_g2|Tdu_TRINITY_DN25553_c4_g7	15.6543372127492	-1.36013711117476	0.471951731149121	-2.88194114229238	0.00395233553126464	0.0482772885554474
Tpr_TRINITY_DN13674_c1_g4|Tdu_TRINITY_DN21266_c1_g2	36.3236214733126	-1.58902864306953	0.482919372512544	-3.29046365400936	0.001000224224655	0.0188743845872254
Tpr_TRINITY_DN13698_c0_g1|Tdu_TRINITY_DN21056_c0_g1	69.4908444320693	0.973074895342996	0.250544682074728	3.88383775414864	0.000102820532571102	0.00418262606807584
Tpr_TRINITY_DN13712_c0_g1|Tdu_TRINITY_DN24271_c2_g1	131.51925567299	1.38409620463892	0.281843398979717	4.91086968738454	9.06733337547776e-07	0.000121831988445056
Tpr_TRINITY_DN13865_c0_g3|Tdu_TRINITY_DN24353_c5_g1	96.420520300193	0.79507089921637	0.233482072623747	3.40527600377102	0.00066097213177862	0.0144371942478148
Tpr_TRINITY_DN13893_c1_g1|Tdu_TRINITY_DN24020_c5_g1	159.0330898144	0.697192296971158	0.230550526437567	3.0240325526212	0.00249429598419014	0.0355617633244343
Tpr_TRINITY_DN13896_c3_g1|Tdu_TRINITY_DN22577_c0_g3	19.7461556319631	1.10155932666619	0.379450872782192	2.90303542745703	0.0036956482816595	0.0464206925803916
Tpr_TRINITY_DN13934_c0_g1|Tdu_TRINITY_DN13442_c0_g2	7.24012493953011	-1.84023926800973	0.565238367403816	-3.25568711207998	0.00113118333652425	0.0205316478206406
Tpr_TRINITY_DN14001_c2_g1|Tdu_TRINITY_DN22733_c1_g2	38.4324574695564	1.10367740362346	0.308384248085462	3.57890330156422	0.000345039095336887	0.00932867895563267
Tpr_TRINITY_DN14012_c2_g5|Tdu_TRINITY_DN17488_c4_g1	1508.61734665323	-0.575283240839708	0.162938180002616	-3.53068409644978	0.00041448646110293	0.0103249043175865
Tpr_TRINITY_DN14041_c7_g5|Tdu_TRINITY_DN16501_c0_g1	83.9451134881037	-1.94198565632664	0.42017276410765	-4.62187419608449	3.80288619399925e-06	0.000374711052982059
Tpr_TRINITY_DN14076_c1_g5|Tdu_TRINITY_DN7204_c0_g1	51.9356257699772	3.64918780792189	0.346655208087136	10.5268512423578	6.49715411406229e-26	1.44041906708761e-22
Tpr_TRINITY_DN14099_c5_g4|Tdu_TRINITY_DN19532_c2_g2	37.9652553093857	1.13368350802257	0.262632654243619	4.31661291809876	1.58441646043335e-05	0.00106443978569113
Tpr_TRINITY_DN14123_c0_g1|Tdu_TRINITY_DN18611_c9_g1	51.8996396442017	0.8978358859197	0.305643542636625	2.93752610696285	0.00330842314766395	0.043019203040299
Tpr_TRINITY_DN14132_c3_g1|Tdu_TRINITY_DN20642_c1_g1	63.7193303793892	1.56632343143466	0.461029317478209	3.39744864817342	0.000680173524176873	0.0146402398359236
Tpr_TRINITY_DN14145_c2_g1|Tdu_TRINITY_DN18531_c3_g3	183.373661685995	-0.956629647800346	0.253123547053	-3.77929931425953	0.000157270287184648	0.00561309354229875
Tpr_TRINITY_DN14173_c1_g1|Tdu_TRINITY_DN19109_c5_g1	133.547108825071	-0.882154990113309	0.307799754037822	-2.86600290786753	0.00415690427359386	0.049755579714119
Tpr_TRINITY_DN14189_c7_g3|Tdu_TRINITY_DN24974_c7_g3	147.322808535537	1.09751407998898	0.285470240832297	3.84458315791215	0.000120757530866844	0.00473839727312908
Tpr_TRINITY_DN14265_c1_g2|Tdu_TRINITY_DN13079_c0_g1	56.2815277543321	-0.914057574754918	0.293582059878933	-3.11346536342124	0.00184904211893307	0.0290732367210965
Tpr_TRINITY_DN14311_c3_g2|Tdu_TRINITY_DN22022_c4_g1	18.4241877892172	-1.61448872268435	0.507651707094649	-3.18030787668234	0.00147118656717103	0.0245990210320234
Tpr_TRINITY_DN14335_c0_g2|Tdu_TRINITY_DN2068_c0_g1	43.0781180384537	-1.3887610543819	0.464872181979573	-2.98740408270531	0.002813575674498	0.0391511228834592
Tpr_TRINITY_DN14337_c1_g6|Tdu_TRINITY_DN22798_c0_g1	146.531153859224	-0.86655029749292	0.223012330315838	-3.88566092406496	0.000102051864575216	0.00418262606807584
Tpr_TRINITY_DN14372_c4_g1|Tdu_TRINITY_DN21295_c1_g1	31.5839259093752	0.909197044683441	0.283058821390146	3.21204278396353	0.00131794746443185	0.0226902465667839
Tpr_TRINITY_DN14461_c0_g2|Tdu_TRINITY_DN21928_c9_g3	69.5466359690006	1.2766127148476	0.355845470993523	3.58754801988428	0.000333802271142799	0.00929471590310325
Tpr_TRINITY_DN10506_c2_g3|Tdu_TRINITY_DN24157_c1_g1	15.6714414939798	1.510870334167	0.486639322180384	3.10470252875898	0.00190470478233527	0.0292230484597737
Tpr_TRINITY_DN14562_c1_g1|Tdu_TRINITY_DN25047_c3_g1	136.511074044068	-1.22550729332727	0.386556426444221	-3.17031928456145	0.00152271517627664	0.0250063670059653
Tpr_TRINITY_DN14627_c4_g3|Tdu_TRINITY_DN19454_c1_g2	257.505705370273	-1.32611265668625	0.270777493009092	-4.89742571271136	9.71003242653226e-07	0.000126630246409541
Tpr_TRINITY_DN14658_c2_g1|Tdu_TRINITY_DN21922_c5_g1	122.340358748013	1.54836310461878	0.3045260146569	5.08450191476507	3.68592050481238e-07	5.45620136202915e-05
Tpr_TRINITY_DN14667_c3_g3|Tdu_TRINITY_DN19152_c3_g2	36.1982942910168	1.16478755355979	0.344807806703634	3.37807767374867	0.000729944593951459	0.0153392148321363
Tpr_TRINITY_DN14669_c3_g2|Tdu_TRINITY_DN15969_c1_g1	30.0097369913805	1.45525739622281	0.363567761707786	4.00271297264376	6.26202549330454e-05	0.00280462838760731
Tpr_TRINITY_DN14672_c0_g1|Tdu_TRINITY_DN18062_c8_g1	493.112778948697	-0.737688738332739	0.164991345395879	-4.47107535587842	7.782726721257e-06	0.000616225183608099
Tpr_TRINITY_DN14689_c6_g1|Tdu_TRINITY_DN19597_c4_g1	43.8734265842495	0.939757553529022	0.301034437798614	3.12176095333551	0.00179772845534391	0.0285703511505194
Tpr_TRINITY_DN10507_c3_g6|Tdu_TRINITY_DN16189_c0_g1	198.159198001034	-0.678234942060932	0.204690904012637	-3.31345911696721	0.000921495778526264	0.0178403267475561
Tpr_TRINITY_DN10515_c0_g2|Tdu_TRINITY_DN19798_c0_g3	14.1776636457467	1.33898051004231	0.439094283017303	3.04941458322185	0.00229287824371303	0.033664311697429
Tpr_TRINITY_DN14819_c7_g1|Tdu_TRINITY_DN18741_c6_g4	183.337526836486	-0.708441906160465	0.210082212336298	-3.37221270797737	0.000745668353827184	0.0155225046050222
Tpr_TRINITY_DN14830_c4_g11|Tdu_TRINITY_DN25184_c1_g3	65.9457591836898	-1.15743526611694	0.294306735817287	-3.9327515318423	8.3979030445736e-05	0.00354631448567994
Tpr_TRINITY_DN14877_c5_g1|Tdu_TRINITY_DN24041_c3_g1	26.4376824927512	0.939013185814285	0.317562887115742	2.95693616575555	0.0031071243582858	0.0416653139984354
Tpr_TRINITY_DN14884_c1_g1|Tdu_TRINITY_DN19639_c3_g1	88.7070870871095	-0.832413243212853	0.258853079156913	-3.2157749327303	0.00130092815734644	0.0226902465667839
Tpr_TRINITY_DN14933_c1_g3|Tdu_TRINITY_DN26200_c0_g1	29.886703384844	-1.48165881362749	0.488247901984196	-3.03464450662493	0.00240819357158041	0.0350096075291395
Tpr_TRINITY_DN14936_c1_g2|Tdu_TRINITY_DN24592_c3_g1	18.2329885671699	1.24553147629612	0.375124638350636	3.32031370099422	0.000899163493036132	0.0174863637198342
Tpr_TRINITY_DN14948_c2_g4|Tdu_TRINITY_DN19561_c3_g1	174.038818528057	0.957388185852949	0.248799510137887	3.84803083142068	0.000119071070849598	0.00471393864417068
Tpr_TRINITY_DN15116_c4_g2|Tdu_TRINITY_DN14965_c0_g2	256.895706339702	-1.07495751314044	0.21636162514086	-4.96833721063338	6.7529456425135e-07	9.65889063835641e-05
Tpr_TRINITY_DN15151_c3_g4|Tdu_TRINITY_DN18680_c0_g4	4.94868084539871	3.41748071091184	0.566782476218597	6.02961604196419	1.64349672791305e-09	5.20518892254748e-07
Tpr_TRINITY_DN15178_c5_g1|Tdu_TRINITY_DN9085_c0_g1	7.15555888466467	1.96511573410784	0.508981797615452	3.86087625002365	0.000112981117862061	0.00451313762703043
Tpr_TRINITY_DN15180_c5_g4|Tdu_TRINITY_DN16563_c0_g2	20.24383456735	-1.3253369293311	0.450174313304559	-2.94405275947954	0.00323944771201392	0.0424961868493187
Tpr_TRINITY_DN15194_c3_g3|Tdu_TRINITY_DN18230_c8_g1	38.8521855143644	-1.01541201849182	0.350519154125323	-2.89688026044013	0.00376893576018801	0.046773350042959
Tpr_TRINITY_DN15253_c2_g3|Tdu_TRINITY_DN16838_c2_g6	30.5912237494773	-1.46192967104091	0.468862645015611	-3.11803400544361	0.00182061795967281	0.0288307858328187
Tpr_TRINITY_DN10541_c0_g1|Tdu_TRINITY_DN18898_c0_g1	37.1661669771764	-2.11422264948466	0.429819741646566	-4.91885887182715	8.70502014386703e-07	0.000120618935368458
Tpr_TRINITY_DN15300_c0_g4|Tdu_TRINITY_DN20225_c0_g2	8.22217533657915	1.60202931076446	0.508676740195568	3.14940547536838	0.00163603024943411	0.0265720077875123
Tpr_TRINITY_DN15421_c3_g3|Tdu_TRINITY_DN24659_c2_g2	16.9372390010229	1.20726667363804	0.360342928455859	3.35032708651011	0.000807161864029585	0.0162679804777599
Tpr_TRINITY_DN15433_c1_g1|Tdu_TRINITY_DN18135_c1_g1	34.9609208442167	1.46913317063248	0.397390737242121	3.69694870300255	0.000218206412705808	0.00701106691259096
Tpr_TRINITY_DN15619_c0_g1|Tdu_TRINITY_DN22443_c2_g2	8.79081131185412	1.61803860720052	0.501242099422965	3.22805807625342	0.00124633667916491	0.0221050273416688
Tpr_TRINITY_DN15673_c17_g1|Tdu_TRINITY_DN21191_c1_g2	99.2175647682874	0.996412816622277	0.21758426904658	4.57943407852231	4.66235701488523e-06	0.000430685229250023
Tpr_TRINITY_DN15759_c0_g1|Tdu_TRINITY_DN25499_c2_g1	44.8795988911873	1.11005485355781	0.330208393499831	3.36167970108967	0.000774699294319187	0.0158295699124944
Tpr_TRINITY_DN15796_c3_g1|Tdu_TRINITY_DN16663_c9_g1	131.5353354151	1.19800663523661	0.280816380771414	4.26615652529115	1.98869280411888e-05	0.00120792656074837
Tpr_TRINITY_DN15984_c4_g3|Tdu_TRINITY_DN22258_c5_g4	875.534783068719	-3.86213646165591	0.323727103884385	-11.9302227564956	8.23528290243798e-33	3.651524438941e-29
Tpr_TRINITY_DN10592_c3_g1|Tdu_TRINITY_DN18033_c4_g1	14.0860164417432	-1.96189389934313	0.529497482234098	-3.70519967548353	0.00021122426937021	0.00694296777268426
Tpr_TRINITY_DN30315_c0_g1|Tdu_TRINITY_DN13160_c0_g1	12.1352615690227	1.89848671366696	0.463731427444418	4.09393584586093	4.24111704660678e-05	0.00208945699829494
Tpr_TRINITY_DN10600_c3_g9|Tdu_TRINITY_DN22431_c1_g5	7.06461560988615	-1.59912566428982	0.556083378140834	-2.87569405443517	0.00403140254804581	0.0489732572548908
Tpr_TRINITY_DN419_c0_g1|Tdu_TRINITY_DN1748_c0_g1	102.443023668113	-1.57612111256925	0.29978755890988	-5.25746004370734	1.46058614880818e-07	2.59049559352619e-05
Tpr_TRINITY_DN6010_c0_g1|Tdu_TRINITY_DN47038_c0_g1	10.0639339071548	1.9139151990406	0.523635926665947	3.65504943716664	0.000257132423903926	0.00786293219027591
Tpr_TRINITY_DN6901_c0_g1|Tdu_TRINITY_DN15841_c0_g1	23.9685956922212	-1.66929796415951	0.469201806796633	-3.55773984664778	0.000374059503568571	0.00964290603966886
Tpr_TRINITY_DN8307_c0_g1|Tdu_TRINITY_DN13823_c0_g1	188.795114726989	-0.866016697781342	0.205912372893009	-4.20575357184253	2.60213648955546e-05	0.00142442878946777
Tpr_TRINITY_DN8355_c0_g1|Tdu_TRINITY_DN19197_c1_g5	67.7183697610066	0.738603386874591	0.256958826685859	2.87440364046167	0.00404791268526942	0.0490394667936738
Tpr_TRINITY_DN10648_c5_g2|Tdu_TRINITY_DN17353_c6_g1	114.913593970779	-0.787443224663353	0.248200151743643	-3.17261379226179	0.00151073343150915	0.0249804337737161
Tpr_TRINITY_DN8887_c0_g1|Tdu_TRINITY_DN11670_c0_g1	32.6106776324032	-1.44117572151417	0.433945724488819	-3.32109671828626	0.000896644593437515	0.0174863637198342
Tpr_TRINITY_DN8910_c0_g1|Tdu_TRINITY_DN17549_c1_g1	70.0572484208141	0.838099227798056	0.224525736199856	3.73275350070356	0.000189397924813806	0.00645992614326474
Tpr_TRINITY_DN9122_c0_g1|Tdu_TRINITY_DN17140_c4_g1	15.449274129584	1.2869361715726	0.395388808024392	3.25486241758571	0.00113447309789286	0.0205316478206406
Tpr_TRINITY_DN9254_c0_g2|Tdu_TRINITY_DN14659_c0_g1	17.1064891770911	-1.64662635959924	0.501932334623635	-3.28057438426223	0.00103595943657065	0.0193412161341256
Tpr_TRINITY_DN9560_c0_g2|Tdu_TRINITY_DN16349_c0_g4	19.211250300988	-1.47114238888133	0.508602064330527	-2.89252146630155	0.0038216306597929	0.0470697509597825
Tpr_TRINITY_DN9690_c0_g1|Tdu_TRINITY_DN15484_c0_g1	65.8981845893783	0.999087418347522	0.310981623621682	3.21268956895967	0.0013149833612624	0.0226902465667839
Tpr_TRINITY_DN9718_c0_g1|Tdu_TRINITY_DN20481_c0_g1	205.024718822425	-1.07138354877324	0.307629150291315	-3.48271140026449	0.000496363148554024	0.0117693807523451
Tpr_TRINITY_DN10672_c0_g2|Tdu_TRINITY_DN21539_c2_g1	12.7532489891459	-1.57267476700431	0.527940012374897	-2.9788891353958	0.00289295429511161	0.0397131868251545
Tpr_TRINITY_DN10680_c2_g2|Tdu_TRINITY_DN21776_c2_g1	52.774921645755	0.853495480496238	0.297540026748965	2.86850643196431	0.00412414813052714	0.0495568368855213
Tpr_TRINITY_DN10681_c1_g1|Tdu_TRINITY_DN24669_c0_g4	50.5854181923353	-0.940982446501986	0.324309380413441	-2.90149623579308	0.00371385241300753	0.046517575139196
Tpr_TRINITY_DN10164_c6_g9|Tdu_TRINITY_DN15973_c0_g1	47.150652464875	-1.04910349897456	0.332709118657611	-3.15321534680925	0.00161482632837666	0.02632404389714
Tpr_TRINITY_DN10727_c8_g1|Tdu_TRINITY_DN18600_c10_g1	109.072825616697	0.908100139215608	0.236715317813895	3.83625422977297	0.000124925090178143	0.0048166769552164
Tpr_TRINITY_DN10744_c7_g1|Tdu_TRINITY_DN22154_c1_g1	211.688653057336	-1.27526789819734	0.271100193904091	-4.70404642590738	2.55055209707733e-06	0.000269265428534307
Tpr_TRINITY_DN10779_c5_g1|Tdu_TRINITY_DN22286_c0_g4	84.7456136416254	-1.03189875368341	0.289311628932703	-3.56673790642354	0.000361452664777119	0.00949063046511407
Tpr_TRINITY_DN10178_c0_g1|Tdu_TRINITY_DN16896_c1_g1	95.1877811798452	0.932192033284229	0.255786682384567	3.6444119161869	0.000268003899866334	0.00808387273474371
Tpr_TRINITY_DN10182_c0_g1|Tdu_TRINITY_DN21868_c1_g1	28.6078125491454	1.81259258702265	0.439361795145691	4.12551252077253	3.69910055979065e-05	0.00188526573357606
Tpr_TRINITY_DN10983_c1_g1|Tdu_TRINITY_DN21460_c4_g2	27.8782378620153	-1.36053016541304	0.413480609471945	-3.2904328141302	0.00100033386964321	0.0188743845872254
Tpr_TRINITY_DN11014_c3_g6|Tdu_TRINITY_DN23091_c3_g5	141.469069283718	0.73341971311109	0.205231646379344	3.57361901076143	0.000352081108814333	0.00940438335230573
Tpr_TRINITY_DN11197_c3_g2|Tdu_TRINITY_DN17858_c4_g1	96.316847462956	-0.934835336101679	0.282861983950701	-3.30491684688391	0.000950045820916675	0.0181573412497609
Tpr_TRINITY_DN11210_c5_g6|Tdu_TRINITY_DN20313_c0_g3	40.7100386003627	0.924999888092558	0.283534402127859	3.26239031719133	0.00110476915474709	0.0201586272927926
Tpr_TRINITY_DN11216_c3_g1|Tdu_TRINITY_DN24910_c0_g1	143.164607233382	-1.43271528565942	0.252144049347531	-5.68213007353072	1.33027423384307e-08	3.10443997518957e-06
Tpr_TRINITY_DN11227_c1_g4|Tdu_TRINITY_DN20909_c0_g1	5.52258754487907	2.01644646442618	0.566173966536413	3.56153158500356	0.000368697743532099	0.00956026780597268
Tpr_TRINITY_DN11233_c0_g10|Tdu_TRINITY_DN23798_c3_g1	9.29189009180146	1.82324098572913	0.484092042431881	3.76631058955217	0.000165677668099516	0.00578436834923823
Tpr_TRINITY_DN10254_c3_g4|Tdu_TRINITY_DN20510_c5_g3	204.562493222921	-1.39136486869571	0.351855229443622	-3.95436745645598	7.6737397277015e-05	0.0033282869481821
