baseMean	log2FoldChange	lfcSE	stat	pvalue	padj
Tpr_TRINITY_DN1451_c0_g1|Tdu_TRINITY_DN16990_c3_g1	103.88369859838	-0.984886163844527	0.2496087500985	-3.94571970516207	7.95606413491163e-05	0.00233159023624635
Tpr_TRINITY_DN11712_c1_g8|Tdu_TRINITY_DN19492_c0_g1	439.879994237293	-0.921553333373047	0.228271583515837	-4.03709177979707	5.41179009446413e-05	0.0017295637590174
Tpr_TRINITY_DN14614_c1_g6|Tdu_TRINITY_DN1401_c0_g1	71.441804932957	-1.61345996620164	0.418261993865707	-3.85753424854488	0.000114536634427022	0.00313703115402898
Tpr_TRINITY_DN15138_c2_g2|Tdu_TRINITY_DN19397_c1_g1	73.1864848641924	-1.45838174745182	0.441681691549909	-3.30188408383919	0.00096037749683348	0.0148189704519219
Tpr_TRINITY_DN11436_c1_g7|Tdu_TRINITY_DN21318_c0_g1	40.6125711885712	-1.27265106928744	0.393037260640377	-3.23799088975409	0.00120374653362957	0.0174800306650774
Tpr_TRINITY_DN12330_c1_g4|Tdu_TRINITY_DN20630_c0_g1	43.8671280554481	-0.99767049954511	0.358559630408387	-2.78243955798593	0.00539519136575873	0.0488939217521885
Tpr_TRINITY_DN11993_c0_g3|Tdu_TRINITY_DN21939_c1_g1	3.62653018358304	-2.10768990004496	0.620100591086851	-3.39894838085998	0.000676454820156124	0.0115630150276666
Tpr_TRINITY_DN13531_c2_g5|Tdu_TRINITY_DN23075_c3_g1	509.824921555419	-0.741793834930175	0.244602275771197	-3.03265303886238	0.00242414143363322	0.0284209685322515
Tpr_TRINITY_DN15115_c0_g2|Tdu_TRINITY_DN22684_c1_g2	98.0265406020256	-0.973110571632523	0.318910542792476	-3.05135905232758	0.00227807976549888	0.0271606608075199
Tpr_TRINITY_DN15652_c2_g2|Tdu_TRINITY_DN19326_c5_g5	23.9023608195837	-1.45659205582444	0.41930050082517	-3.47386195093474	0.000513024908601073	0.00949047954747952
Tpr_TRINITY_DN11038_c4_g8|Tdu_TRINITY_DN22686_c1_g3	798.285844464465	-0.624410066592676	0.203228174071244	-3.07245818374465	0.00212303576481163	0.0257797200012841
Tpr_TRINITY_DN10529_c1_g1|Tdu_TRINITY_DN18426_c5_g1	1094.13142319143	-0.870510389734948	0.301325863453191	-2.88893352783896	0.00386550777691677	0.0390511338938517
Tpr_TRINITY_DN11903_c1_g4|Tdu_TRINITY_DN22646_c1_g2	136.183716665292	-1.30663718115338	0.276462819031595	-4.72626729963298	2.28684579947123e-06	0.000141813204923185
Tpr_TRINITY_DN13559_c0_g1|Tdu_TRINITY_DN14654_c0_g1	319.171070354162	-0.906369450231228	0.319095789270602	-2.84043061897818	0.00450526720168189	0.0433384727888619
Tpr_TRINITY_DN10325_c1_g2|Tdu_TRINITY_DN17573_c2_g3	132.58886268575	-0.831780207097365	0.252879012593301	-3.28924175465323	0.00100457696506797	0.0152621400239911
Tpr_TRINITY_DN14494_c6_g4|Tdu_TRINITY_DN18357_c3_g1	42.1000216139954	-1.24518135000057	0.426441065967354	-2.9199377109143	0.00350101354994829	0.0365290937592488
Tpr_TRINITY_DN13912_c1_g1|Tdu_TRINITY_DN19491_c1_g1	77.0055119278635	-0.930533785832601	0.299052343820157	-3.11160840254843	0.00186071144228385	0.0235514952771742
Tpr_TRINITY_DN12124_c1_g1|Tdu_TRINITY_DN20551_c2_g1	129.154166295557	-1.84290050949826	0.316993975413725	-5.81367676497005	6.11153715594591e-09	1.00432927262711e-06
Tpr_TRINITY_DN12403_c2_g9|Tdu_TRINITY_DN17638_c2_g2	160.742182076756	-1.06616458577942	0.358350007050374	-2.97520458993475	0.00292793202368153	0.0323956409070966
Tpr_TRINITY_DN10265_c13_g1|Tdu_TRINITY_DN19455_c6_g1	236.328750470358	-1.42559305741646	0.214342979824493	-6.65099019610416	2.91127677010856e-11	9.56839631775679e-09
Tpr_TRINITY_DN13152_c2_g2|Tdu_TRINITY_DN19342_c6_g1	119.957389647471	-0.872396136236529	0.291541850091647	-2.99235302225834	0.0027683593369789	0.0314108435703245
Tpr_TRINITY_DN13604_c0_g1|Tdu_TRINITY_DN20967_c0_g4	791.688841749792	-1.06234086096716	0.308264227237761	-3.44620220933966	0.000568524775856598	0.0101868250355121
Tpr_TRINITY_DN15377_c1_g7|Tdu_TRINITY_DN20722_c1_g1	206.104192482342	-0.944800469190833	0.289881610774209	-3.25926320978927	0.0011170198254299	0.0164385305652818
Tpr_TRINITY_DN15925_c0_g1|Tdu_TRINITY_DN24795_c1_g1	105.776871110777	-0.969739903078359	0.266254011330307	-3.64216072551608	0.000270359176467864	0.00607230405460853
Tpr_TRINITY_DN12905_c3_g4|Tdu_TRINITY_DN25040_c9_g3	1328.34716312054	-1.48167601618293	0.232764342782966	-6.36556269086485	1.94575079342927e-10	5.04871126926648e-08
Tpr_TRINITY_DN10969_c0_g1|Tdu_TRINITY_DN10299_c0_g1	132.790590409944	-0.714818665325437	0.202849314819931	-3.52388996709198	0.00042526080712241	0.00828670268424302
Tpr_TRINITY_DN12056_c1_g1|Tdu_TRINITY_DN23604_c3_g1	183.467189429814	-1.09881912694669	0.269019890813324	-4.08452744376872	4.41666065704319e-05	0.00148017208408332
Tpr_TRINITY_DN12831_c0_g1|Tdu_TRINITY_DN17006_c5_g1	1298.71669010218	-0.856088507447652	0.196302191469588	-4.36107463212035	1.29425207612969e-05	0.00056970202993923
Tpr_TRINITY_DN11475_c5_g5|Tdu_TRINITY_DN51102_c0_g1	15.1051293372186	-1.81829248518889	0.533596349598338	-3.40761792421855	0.00065532585027702	0.0112569910866401
Tpr_TRINITY_DN1078_c0_g1|Tdu_TRINITY_DN9793_c0_g1	126.916064395651	-1.37822794396558	0.334579435477962	-4.11928468346155	3.8005036913688e-05	0.00132866779011078
Tpr_TRINITY_DN10982_c0_g3|Tdu_TRINITY_DN21045_c2_g1	69.4569791721111	-2.04772653378323	0.354410233772236	-5.77784256393457	7.56645574297886e-09	1.16570708790268e-06
Tpr_TRINITY_DN13503_c2_g4|Tdu_TRINITY_DN14437_c1_g1	58.6004369605276	-1.48218091731426	0.373745334794735	-3.96575095212437	7.31652270951128e-05	0.00217951279229259
Tpr_TRINITY_DN15831_c1_g1|Tdu_TRINITY_DN25567_c4_g1	84.0801804000505	-0.84491044515638	0.296531833903794	-2.84930772535707	0.00438144798659559	0.0427310357545327
Tpr_TRINITY_DN11521_c3_g1|Tdu_TRINITY_DN17771_c1_g1	269.368943676955	-1.23882224738466	0.254959429860675	-4.85889950437068	1.18040026246865e-06	8.25173924576824e-05
Tpr_TRINITY_DN12525_c1_g1|Tdu_TRINITY_DN23691_c2_g2	260.487607583141	-0.808609158045242	0.225191734023902	-3.59075861087963	0.000329716897055967	0.00690665785184722
Tpr_TRINITY_DN12220_c0_g1|Tdu_TRINITY_DN22564_c1_g3	287.554379816272	-1.94488094099175	0.357161332209053	-5.44538494400445	5.16934687180326e-08	5.926716297207e-06
Tpr_TRINITY_DN8881_c0_g1|Tdu_TRINITY_DN17879_c2_g1	94.598991529388	-0.934917897282151	0.267915781275766	-3.48959621874547	0.000483750873758295	0.00906802968679998
Tpr_TRINITY_DN12991_c2_g2|Tdu_TRINITY_DN18243_c0_g1	363.531741894146	-1.16674002428649	0.227055656759645	-5.13856400204803	2.76845903972689e-07	2.48154601197338e-05
Tpr_TRINITY_DN13274_c3_g8|Tdu_TRINITY_DN22646_c2_g2	188.306615030861	-0.837907575613283	0.220672194099209	-3.79706912795991	0.0001464169687646	0.00378916354860619
Tpr_TRINITY_DN15800_c7_g1|Tdu_TRINITY_DN16846_c0_g1	47.0430871393461	-1.24078259468292	0.35262313895802	-3.51872142693005	0.00043363177898611	0.00843315451834921
Tpr_TRINITY_DN15266_c2_g1|Tdu_TRINITY_DN22627_c4_g1	7.3665573667856	-2.48958691750923	0.6167161156593	-4.03684426966488	5.41750041395716e-05	0.0017295637590174
Tpr_TRINITY_DN10626_c1_g5|Tdu_TRINITY_DN18624_c6_g1	18.222586090983	-1.38057659336591	0.476135882587201	-2.89954326874969	0.00373706761830266	0.0383425284664831
Tpr_TRINITY_DN15635_c5_g1|Tdu_TRINITY_DN24369_c2_g2	374.36078328637	-0.987288915559229	0.31615420755357	-3.1228080853295	0.00179134513106248	0.0230757681251915
Tpr_TRINITY_DN12350_c1_g7|Tdu_TRINITY_DN17051_c0_g1	42.4481723908577	-1.02716857041275	0.359822392184851	-2.85465438705957	0.00430836856357422	0.0422773323866923
Tpr_TRINITY_DN12496_c4_g9|Tdu_TRINITY_DN20115_c3_g1	81.5034031533987	-0.933176342781687	0.289500980234192	-3.22339614196399	0.00126680227445713	0.0179980841875322
Tpr_TRINITY_DN10734_c0_g1|Tdu_TRINITY_DN23311_c1_g1	370.169424796152	-2.30916748853333	0.344356224152533	-6.70575214435642	2.00371576604994e-11	7.05594194759015e-09
Tpr_TRINITY_DN11849_c5_g5|Tdu_TRINITY_DN24281_c8_g1	5393.02968264336	-0.779777836631002	0.202269597083564	-3.85514109818913	0.000115662900441812	0.00315037623855323
Tpr_TRINITY_DN10419_c5_g3|Tdu_TRINITY_DN17636_c2_g3	596.275152449116	-1.00232707706363	0.189201557003806	-5.29766822713548	1.17290829288353e-07	1.15648757678316e-05
Tpr_TRINITY_DN11892_c3_g1|Tdu_TRINITY_DN20048_c1_g4	155.208022095777	-1.02145855323761	0.287936859539603	-3.54750883534285	0.000388892707662983	0.00777480815650849
Tpr_TRINITY_DN10478_c3_g1|Tdu_TRINITY_DN18788_c6_g1	974.641761054578	-0.942628021593897	0.284518986869209	-3.31305840768798	0.000922817061317136	0.0143971142794097
Tpr_TRINITY_DN13009_c1_g8|Tdu_TRINITY_DN17212_c2_g1	281.007835232775	-1.0623361080326	0.295740673200022	-3.59212040920086	0.000327998224728863	0.00690665785184722
Tpr_TRINITY_DN10557_c1_g1|Tdu_TRINITY_DN22572_c2_g1	105.727884282927	-1.52711126159768	0.447088535696035	-3.41567975841797	0.000636230212343859	0.0110638975197715
Tpr_TRINITY_DN13925_c2_g2|Tdu_TRINITY_DN18982_c1_g2	44.1754669648513	-1.40110094026711	0.454611257502528	-3.08197590170612	0.00205631483867025	0.0253162656787024
Tpr_TRINITY_DN15865_c3_g1|Tdu_TRINITY_DN9735_c0_g1	30.3800087414135	-1.57881776413342	0.544256295819868	-2.90087184339335	0.00372126036019721	0.0382953397303146
Tpr_TRINITY_DN14505_c1_g2|Tdu_TRINITY_DN3450_c0_g1	29.3722574909017	-1.35366899416875	0.399182760605864	-3.39110083840847	0.000696124833396887	0.01179345508126
Tpr_TRINITY_DN13698_c1_g1|Tdu_TRINITY_DN21720_c3_g1	64.2766628320812	-0.933063390614264	0.288504550183641	-3.23413752060528	0.00122010690262689	0.0175880907308496
Tpr_TRINITY_DN13705_c0_g4|Tdu_TRINITY_DN22023_c0_g2	158.889788026921	-0.925331639499875	0.280842963064448	-3.29483647873182	0.000984789671190374	0.0151011293280515
Tpr_TRINITY_DN15116_c4_g1|Tdu_TRINITY_DN21826_c0_g1	241.417914763153	-1.27314750663625	0.454683250183367	-2.80007567053065	0.00510906285491225	0.0473008072764646
Tpr_TRINITY_DN14485_c0_g7|Tdu_TRINITY_DN19444_c4_g1	22.0215879846086	-2.04346174043608	0.461768192667269	-4.42529774221264	9.63093554460141e-06	0.000439957619251731
Tpr_TRINITY_DN13062_c5_g2|Tdu_TRINITY_DN20789_c3_g4	809.383357382778	-0.635426701425018	0.228878291081546	-2.77626461829281	0.00549874344958755	0.0496044011097285
Tpr_TRINITY_DN13207_c1_g6|Tdu_TRINITY_DN22546_c4_g1	24.0676161302448	-1.91895996441728	0.504776548307907	-3.80160284951816	0.00014376303867733	0.00377139768289858
Tpr_TRINITY_DN11938_c4_g1|Tdu_TRINITY_DN23777_c2_g1	170.833507574502	-2.35923076089247	0.263279332402624	-8.96094174716526	3.21917097727676e-19	3.17410258359488e-16
Tpr_TRINITY_DN13611_c1_g2|Tdu_TRINITY_DN18842_c0_g3	408.385787606709	-0.769847124774834	0.207490295605409	-3.71028014842138	0.000207030020108961	0.00493071497167718
Tpr_TRINITY_DN13705_c0_g3|Tdu_TRINITY_DN17259_c2_g7	193.205977351389	-0.902206202916163	0.240751594208438	-3.74745681698395	0.000178636578324834	0.00442551925196699
Tpr_TRINITY_DN15979_c2_g1|Tdu_TRINITY_DN22545_c1_g1	159.020876853551	-1.24937672445593	0.247318052180489	-5.05170048623927	4.37893980038979e-07	3.56829309354077e-05
Tpr_TRINITY_DN14573_c1_g7|Tdu_TRINITY_DN25607_c4_g1	48.5532228828407	-1.13535366832892	0.402324595091106	-2.82198424402024	0.00477275220503774	0.0452929131296171
Tpr_TRINITY_DN15286_c1_g4|Tdu_TRINITY_DN20282_c1_g1	76.4893212304533	-1.29020409512455	0.302746662543935	-4.26166248797974	2.02911737968512e-05	0.000819963006708822
Tpr_TRINITY_DN10137_c4_g1|Tdu_TRINITY_DN22038_c0_g4	154.43335596092	-1.33404227000482	0.334792397406247	-3.9846850774991	6.75696764175063e-05	0.00205628706628584
Tpr_TRINITY_DN10453_c9_g2|Tdu_TRINITY_DN17804_c1_g1	36.6467906691761	-1.25465277493731	0.411117580164583	-3.0518100793331	0.00227465972718632	0.0271527178087859
Tpr_TRINITY_DN12691_c1_g12|Tdu_TRINITY_DN17655_c8_g3	36.6682569130438	-1.28814744133358	0.422556459702312	-3.0484623101989	0.00230015763989983	0.0272263557375898
Tpr_TRINITY_DN13624_c3_g1|Tdu_TRINITY_DN19555_c2_g1	570.274435300824	-1.77768969007447	0.233856832505146	-7.60161536026687	2.92456899131012e-14	1.69625001495987e-11
Tpr_TRINITY_DN10582_c3_g4|Tdu_TRINITY_DN19797_c3_g1	50.7183829116539	-1.55440688026784	0.316744886038234	-4.90744112623245	9.2272340586435e-07	6.73929835690555e-05
Tpr_TRINITY_DN11110_c3_g2|Tdu_TRINITY_DN24233_c1_g2	8.64938608981717	-1.69747131024511	0.606926489201209	-2.79683180821321	0.0051606390354758	0.0475550475605527
Tpr_TRINITY_DN10394_c1_g7|Tdu_TRINITY_DN24025_c0_g1	127.78947307787	-1.01854389098724	0.284421174509284	-3.58111133161778	0.00034213581609022	0.00710201925610436
Tpr_TRINITY_DN13945_c0_g1|Tdu_TRINITY_DN20630_c1_g2	116.891760336129	-1.24013990429199	0.265044683890822	-4.67898426064198	2.88299570190874e-06	0.000168203181188285
Tpr_TRINITY_DN11409_c2_g4|Tdu_TRINITY_DN19409_c2_g2	69.1288520725427	-1.16568035731576	0.391412600697025	-2.97813702277321	0.00290006303380113	0.0322011503527918
Tpr_TRINITY_DN11043_c0_g2|Tdu_TRINITY_DN18550_c4_g1	116.194563298169	-0.719301671723327	0.242545269982883	-2.96563883424356	0.0030205497716271	0.0328542513811665
Tpr_TRINITY_DN12816_c2_g1|Tdu_TRINITY_DN16601_c0_g1	416.800893080375	-1.38943240267162	0.207782902099316	-6.68694290354794	2.27880734141746e-11	7.74794496081935e-09
Tpr_TRINITY_DN14116_c0_g1|Tdu_TRINITY_DN21790_c1_g3	607.712364394166	-0.517517978412736	0.16934438846828	-3.05600901862581	0.00224304508984102	0.0269056260168278
Tpr_TRINITY_DN10778_c2_g1|Tdu_TRINITY_DN24374_c2_g1	79.2440513041536	-1.37078861136046	0.413112691449194	-3.31819534895371	0.000906010961013443	0.0142703962868891
Tpr_TRINITY_DN10600_c3_g9|Tdu_TRINITY_DN22431_c1_g5	7.13125465705153	-1.90713637029227	0.593147114697076	-3.21528390349881	0.00130315569700089	0.0182593563575098
Tpr_TRINITY_DN10822_c8_g1|Tdu_TRINITY_DN24055_c4_g1	12.0930092965911	-2.19189245379494	0.572722239225393	-3.82714744368837	0.000129636868560218	0.0034546473621723
Tpr_TRINITY_DN13707_c3_g1|Tdu_TRINITY_DN16145_c1_g2	28.3885541845768	-1.89799879841934	0.57629980950268	-3.29342256777288	0.000989755993972487	0.0151068020132643
Tpr_TRINITY_DN11882_c4_g1|Tdu_TRINITY_DN16773_c0_g1	83.4835045359028	-0.969940596219112	0.265505489130436	-3.65318472094792	0.000259007761664638	0.00589795965361046
Tpr_TRINITY_DN11882_c5_g2|Tdu_TRINITY_DN22395_c1_g1	213.106846527719	-0.547785587570557	0.190324994043645	-2.87815896342517	0.00400003519671295	0.0400409614615124
Tpr_TRINITY_DN12438_c6_g1|Tdu_TRINITY_DN18898_c0_g5	21.8762411788129	-1.98123695740271	0.519881952519495	-3.81093620927034	0.000138441491583853	0.00364982114175611
Tpr_TRINITY_DN10373_c1_g6|Tdu_TRINITY_DN19189_c1_g1	91.7116664695747	-0.965613986699586	0.25478892725955	-3.78985851969905	0.000150733112520313	0.00386033373883191
Tpr_TRINITY_DN11525_c2_g4|Tdu_TRINITY_DN21302_c1_g1	227.690728207981	-1.09708765729982	0.216088584086336	-5.07702737716812	3.83385648665091e-07	3.20354448799813e-05
Tpr_TRINITY_DN15431_c1_g7|Tdu_TRINITY_DN1956_c0_g1	108.768887940227	-2.28118930045617	0.346158985019831	-6.59000459088325	4.398129761324e-11	1.27545763078396e-08
Tpr_TRINITY_DN14911_c1_g4|Tdu_TRINITY_DN19331_c3_g10	61.3146598694856	-1.83453791503961	0.52286878855086	-3.50860092476367	0.000450470283520792	0.00864131711189691
Tpr_TRINITY_DN12985_c1_g3|Tdu_TRINITY_DN23737_c1_g5	167.266676330106	-0.889496264490161	0.311362938155313	-2.85678273001929	0.00427958671997359	0.042157010973268
Tpr_TRINITY_DN15916_c2_g3|Tdu_TRINITY_DN16190_c2_g1	53.8259118243667	-2.8291467951779	0.371051247785378	-7.6246793726303	2.44641675234724e-14	1.50760432363399e-11
Tpr_TRINITY_DN12029_c2_g4|Tdu_TRINITY_DN20678_c3_g1	167.093374045423	-0.76193357603253	0.216947763874174	-3.51206005734375	0.000444647506196901	0.00854624641540243
Tpr_TRINITY_DN9914_c0_g1|Tdu_TRINITY_DN18526_c4_g1	198.38367455144	-0.841876077216098	0.273200819737243	-3.08152837178817	0.00205940849600145	0.0253189124321375
Tpr_TRINITY_DN12155_c5_g2|Tdu_TRINITY_DN19989_c2_g1	50.1896622535737	-1.32654693337843	0.402289390916997	-3.29749420026872	0.000975516892851265	0.0150056108635156
Tpr_TRINITY_DN11322_c3_g1|Tdu_TRINITY_DN20240_c0_g1	20.8015497168823	-2.05921354719277	0.497328488151652	-4.14055015196485	3.46473844377171e-05	0.0012513670716333
Tpr_TRINITY_DN11491_c0_g3|Tdu_TRINITY_DN23047_c1_g3	55.488147585832	-1.30582199875078	0.303266266616505	-4.30585970975155	1.66338454094877e-05	0.00070390435938862
Tpr_TRINITY_DN12990_c0_g4|Tdu_TRINITY_DN17842_c1_g2	79.3364391606393	-1.07340044043579	0.35026286888427	-3.0645567537747	0.00217992809443574	0.0262763948791398
Tpr_TRINITY_DN13606_c1_g4|Tdu_TRINITY_DN17276_c5_g2	92.8641431772169	-1.19896604065014	0.258517890108417	-4.63784552839772	3.52059740959034e-06	0.000193927879656764
Tpr_TRINITY_DN12041_c4_g1|Tdu_TRINITY_DN13441_c0_g1	1969.5848232312	-2.10776811758865	0.311131760717546	-6.77451929924359	1.24820572532489e-11	4.75991656272623e-09
Tpr_TRINITY_DN12578_c1_g1|Tdu_TRINITY_DN21129_c0_g1	364.340331738999	-0.616552034957097	0.183785842992643	-3.35473083735714	0.00079442241218435	0.0128832318818054
Tpr_TRINITY_DN11101_c5_g1|Tdu_TRINITY_DN17193_c8_g2	217.991990169644	-0.871729776196422	0.213927147313441	-4.07489085487212	4.60359332147095e-05	0.0015283309814715
Tpr_TRINITY_DN11713_c1_g2|Tdu_TRINITY_DN16806_c1_g6	7.70639833418696	-1.80348855580164	0.605739109328516	-2.97733550306975	0.0029076562996893	0.0322229997958705
Tpr_TRINITY_DN11035_c2_g3|Tdu_TRINITY_DN18196_c4_g1	77.7187819542542	-0.994236994685106	0.275044941135492	-3.61481651173263	0.000300560417647837	0.00650227126078982
Tpr_TRINITY_DN12810_c3_g3|Tdu_TRINITY_DN18422_c1_g3	94.0027997021533	-1.33023620128812	0.318198221731021	-4.18052682397638	2.90834499411266e-05	0.00109451456648667
Tpr_TRINITY_DN10475_c2_g9|Tdu_TRINITY_DN17806_c5_g3	67.8070048564884	-0.883370274727462	0.310128530133638	-2.84840054653085	0.00439395842715483	0.0427437645620066
Tpr_TRINITY_DN12013_c2_g3|Tdu_TRINITY_DN19290_c2_g1	150.141402160359	-1.33114254863326	0.222146571773942	-5.99218136928011	2.07044826519348e-09	4.43796084669733e-07
Tpr_TRINITY_DN7599_c0_g1|Tdu_TRINITY_DN22609_c2_g1	22.2758354396315	-1.34676419818099	0.467105621638574	-2.88321128197223	0.00393643315598323	0.039524675069241
Tpr_TRINITY_DN10223_c0_g1|Tdu_TRINITY_DN12767_c0_g1	176.160162979111	-1.49025915152682	0.38692501351295	-3.85154513014431	0.0001173748931871	0.00318819957802976
Tpr_TRINITY_DN13056_c3_g5|Tdu_TRINITY_DN6070_c0_g1	287.753698095924	-0.892703097538248	0.273692099172121	-3.26170576439198	0.00110744026951883	0.0163309993842176
Tpr_TRINITY_DN8307_c0_g1|Tdu_TRINITY_DN13823_c0_g1	189.777302262831	-1.03440443450546	0.221681930700969	-4.6661648571655	3.06873522275441e-06	0.000173894995956083
Tpr_TRINITY_DN10207_c0_g1|Tdu_TRINITY_DN21923_c5_g1	70.3901830934254	-0.944556217439103	0.293748351794665	-3.2155285694994	0.0013020453372582	0.0182593563575098
Tpr_TRINITY_DN13536_c2_g1|Tdu_TRINITY_DN23682_c0_g1	185.708813438421	-1.76294916186993	0.313225786441531	-5.62836534596433	1.8192543992324e-08	2.42403356438263e-06
Tpr_TRINITY_DN13013_c1_g1|Tdu_TRINITY_DN22768_c2_g1	41.0275638737483	-1.09698533288195	0.358437816780402	-3.0604620425808	0.00220995770943257	0.0265733939207379
Tpr_TRINITY_DN14699_c2_g1|Tdu_TRINITY_DN17783_c6_g2	1185.02817584565	-1.3202055020525	0.310464963605242	-4.25234940111036	2.11539470182096e-05	0.000847877713819295
Tpr_TRINITY_DN12995_c3_g1|Tdu_TRINITY_DN21434_c8_g3	37.3018076236463	-1.51789725901336	0.353339821579971	-4.29585675406193	1.74019930888853e-05	0.000733263469471832
Tpr_TRINITY_DN11502_c2_g3|Tdu_TRINITY_DN23459_c5_g5	340.227470655456	-0.712302968875099	0.198383044707742	-3.59054358664807	0.000329989039880704	0.00690665785184722
Tpr_TRINITY_DN15607_c2_g6|Tdu_TRINITY_DN18551_c3_g5	193.517635339906	-1.04791166276561	0.270141856053187	-3.87911624683326	0.000104836649268057	0.00289548840835585
Tpr_TRINITY_DN9419_c0_g1|Tdu_TRINITY_DN17682_c5_g1	98.7761630473505	-1.02791723731313	0.345093558163494	-2.97866249020544	0.00289509480004061	0.0321822263003387
Tpr_TRINITY_DN7125_c0_g1|Tdu_TRINITY_DN24941_c1_g7	22.2113685718393	-2.21667553185582	0.470326847574125	-4.71305336552463	2.44032254228785e-06	0.000146716952847306
Tpr_TRINITY_DN12563_c2_g2|Tdu_TRINITY_DN19675_c6_g2	142.789280204037	-2.61593391844082	0.473113761259109	-5.52918585897602	3.21720353240482e-08	3.98962542508656e-06
Tpr_TRINITY_DN11017_c3_g4|Tdu_TRINITY_DN24232_c0_g1	106.590976667413	-1.62250401638545	0.312013852101168	-5.20010251294664	1.99178640523685e-07	1.83542186501265e-05
Tpr_TRINITY_DN12273_c3_g2|Tdu_TRINITY_DN21880_c1_g5	158.357993780626	-1.20109825736312	0.362145465826042	-3.31661823964427	0.000911140237760095	0.014305482076934
Tpr_TRINITY_DN12594_c4_g4|Tdu_TRINITY_DN15314_c0_g1	572.038889902067	-1.35509065356863	0.354256674117343	-3.82516619325504	0.000130683897251407	0.00347316233665464
Tpr_TRINITY_DN14650_c4_g1|Tdu_TRINITY_DN22670_c0_g2	87.907104142181	-0.945088831870596	0.286676113423755	-3.29671286729633	0.000978234534442816	0.0150239758716607
Tpr_TRINITY_DN14930_c1_g9|Tdu_TRINITY_DN21601_c3_g4	70.0488967509966	-1.01581904893525	0.317175415054749	-3.20270424730083	0.00136143719381823	0.0188801276104751
Tpr_TRINITY_DN12165_c5_g4|Tdu_TRINITY_DN12991_c0_g1	290.714988748451	-0.700118471184562	0.206283460104385	-3.39396319428752	0.000688889504684565	0.0116996891446968
Tpr_TRINITY_DN10815_c9_g5|Tdu_TRINITY_DN17440_c4_g1	899.845364919563	-0.647950339505726	0.224465905856697	-2.88663143310231	0.00389390073567119	0.0392174272254524
Tpr_TRINITY_DN14565_c1_g3|Tdu_TRINITY_DN17945_c1_g1	193.36208318059	-1.27595363248039	0.340256842391924	-3.74997200206391	0.000176854315340881	0.00439240188730752
Tpr_TRINITY_DN14605_c0_g1|Tdu_TRINITY_DN16603_c1_g5	73.6125678554646	-1.33442417898629	0.362254259658171	-3.68366732318199	0.000229902251164753	0.00535895081911221
Tpr_TRINITY_DN11263_c0_g7|Tdu_TRINITY_DN4132_c0_g1	4.22570682463832	-1.87790630558704	0.629171299004135	-2.98472976844212	0.0028382894658153	0.0318354922057836
Tpr_TRINITY_DN13200_c4_g1|Tdu_TRINITY_DN21372_c4_g2	283.880635192954	-1.54538506690507	0.269121204493976	-5.74233854894798	9.33778950666751e-09	1.41647083901141e-06
Tpr_TRINITY_DN11770_c4_g2|Tdu_TRINITY_DN19913_c1_g2	224.701751447038	-0.795301272820751	0.238436820880832	-3.33548010698496	0.000851522459894784	0.0136119715646859
Tpr_TRINITY_DN8596_c0_g1|Tdu_TRINITY_DN17295_c0_g1	286.888247715258	-1.41819423559912	0.268140829695017	-5.28899025639686	1.22993442166008e-07	1.20070825718499e-05
Tpr_TRINITY_DN13882_c2_g1|Tdu_TRINITY_DN18672_c1_g3	82.9656983734489	-1.23308355517832	0.386454337538544	-3.19076132779941	0.00141898448412388	0.0194052524458551
Tpr_TRINITY_DN12377_c5_g8|Tdu_TRINITY_DN24251_c7_g1	95.9752600395116	-1.48434559797256	0.378385438741314	-3.92284016771412	8.75112090576826e-05	0.00250104498930073
Tpr_TRINITY_DN12570_c0_g5|Tdu_TRINITY_DN22998_c3_g1	39.0626345140886	-1.33022629948499	0.401872549887067	-3.31007007037133	0.000932726185144812	0.0145058047090345
Tpr_TRINITY_DN10833_c1_g7|Tdu_TRINITY_DN14198_c0_g1	102.193093086849	-1.04758466091838	0.285853661732772	-3.66475858510325	0.000247571996319606	0.00566371202717242
Tpr_TRINITY_DN11414_c1_g5|Tdu_TRINITY_DN25163_c4_g1	99.7583935526254	-1.24637473810778	0.30373813718202	-4.10345157730676	4.07031674961105e-05	0.00140326304724353
Tpr_TRINITY_DN13792_c2_g6|Tdu_TRINITY_DN15145_c0_g1	144.224846950352	-2.34833295882277	0.486901282420988	-4.82301658181368	1.41403210474757e-06	9.68219205056323e-05
Tpr_TRINITY_DN10475_c1_g1|Tdu_TRINITY_DN20976_c2_g1	50.2405367640973	-1.09791503653358	0.336623907278307	-3.26154801484693	0.0011080566519312	0.0163309993842176
Tpr_TRINITY_DN12129_c2_g2|Tdu_TRINITY_DN21529_c2_g1	658.497917741286	-0.649473788987778	0.188132267435678	-3.45221900442907	0.000555996248926837	0.0100774320117989
Tpr_TRINITY_DN10819_c4_g2|Tdu_TRINITY_DN22364_c3_g1	33.707618703759	-1.48083790977152	0.440141012213067	-3.36446245335271	0.00076692918542954	0.0126242433528135
Tpr_TRINITY_DN14790_c0_g1|Tdu_TRINITY_DN18612_c1_g6	107.948480920623	-1.59333316134571	0.310792318850263	-5.12668127462109	2.94894115586161e-07	2.59612141042816e-05
Tpr_TRINITY_DN11813_c2_g3|Tdu_TRINITY_DN25251_c3_g1	311.749296282289	-1.08691922072013	0.329091343374585	-3.30278885361916	0.000957284388763015	0.0147943950990648
Tpr_TRINITY_DN14175_c1_g1|Tdu_TRINITY_DN19716_c4_g1	149.633423911703	-1.15019789918452	0.300099249949634	-3.83272500473611	0.000126731595172283	0.00338637812574177
Tpr_TRINITY_DN12145_c2_g1|Tdu_TRINITY_DN25508_c0_g1	87.2942704216619	-0.944845352256784	0.309713812474818	-3.05070459953608	0.00228305071390382	0.0271687761611878
Tpr_TRINITY_DN15194_c3_g3|Tdu_TRINITY_DN18230_c8_g1	39.1015301120728	-1.2891169705341	0.379278577660112	-3.39886575848038	0.000676659195838094	0.0115630150276666
Tpr_TRINITY_DN14145_c2_g1|Tdu_TRINITY_DN18531_c3_g3	184.508291868262	-0.845449829537759	0.281586752338302	-3.00244888126706	0.00267816948247087	0.0306698619014666
Tpr_TRINITY_DN14864_c1_g3|Tdu_TRINITY_DN16306_c0_g1	34.9701036178442	-1.33839863454066	0.440233904167815	-3.0401989076027	0.00236421951795788	0.0278701606297552
Tpr_TRINITY_DN15388_c0_g4|Tdu_TRINITY_DN25512_c3_g1	55.0875963602905	-0.89127819735981	0.30492204361442	-2.92297069373853	0.00346709147258834	0.036290362972103
Tpr_TRINITY_DN10973_c0_g2|Tdu_TRINITY_DN20624_c7_g1	432.324762142592	-1.42123006786674	0.301495392827338	-4.71393627126057	2.42976683852816e-06	0.000146716952847306
Tpr_TRINITY_DN15064_c1_g2|Tdu_TRINITY_DN20847_c8_g1	142.27533153227	-1.4602990483483	0.263351035786286	-5.54506665974673	2.93842203341235e-08	3.71446682685202e-06
Tpr_TRINITY_DN11436_c3_g1|Tdu_TRINITY_DN24981_c1_g3	29.1939481152404	-1.76548245802019	0.474926561388871	-3.71737990997435	0.000201299620600865	0.0048270469493199
Tpr_TRINITY_DN14323_c1_g5|Tdu_TRINITY_DN23866_c2_g3	15.5569804740598	-1.84778441514317	0.501923601056359	-3.68140571842864	0.000231951562123503	0.00539396793051354
Tpr_TRINITY_DN13133_c0_g1|Tdu_TRINITY_DN19273_c2_g1	70.5749059773077	-0.876108631002899	0.284210488721206	-3.08260485017607	0.00205197428837496	0.0253162656787024
Tpr_TRINITY_DN11471_c5_g2|Tdu_TRINITY_DN21750_c1_g5	65.4796556753209	-1.55973288255281	0.341565877513024	-4.56641891136605	4.96126827977389e-06	0.000256115734233354
Tpr_TRINITY_DN13836_c2_g3|Tdu_TRINITY_DN17888_c4_g1	331.392194071284	-0.825176553603538	0.201417110843424	-4.09685428486265	4.18802334943479e-05	0.00142885502510128
Tpr_TRINITY_DN11026_c7_g4|Tdu_TRINITY_DN19335_c3_g4	17.0087334326938	-4.15967600776089	0.587412441412441	-7.08135496374386	1.42751723331557e-12	5.86471663353811e-10
Tpr_TRINITY_DN11390_c1_g4|Tdu_TRINITY_DN21933_c1_g3	77.4875002060575	-1.11217978961673	0.309512627032756	-3.5933260632337	0.000326483616656993	0.00690665785184722
Tpr_TRINITY_DN10592_c3_g1|Tdu_TRINITY_DN18033_c4_g1	14.2342037726298	-2.53206816388088	0.559602012046728	-4.52476601115124	6.04623615932977e-06	0.000298079442654958
Tpr_TRINITY_DN12888_c2_g1|Tdu_TRINITY_DN23919_c1_g5	45.4341828571132	-1.40123255462455	0.389480183972818	-3.59769922138668	0.00032104457277726	0.00680752577975008
Tpr_TRINITY_DN11402_c7_g3|Tdu_TRINITY_DN22216_c3_g3	1050.47128968968	-0.829973783251506	0.182947443516284	-4.53667877123209	5.71470490808164e-06	0.00029044840409116
Tpr_TRINITY_DN10513_c3_g6|Tdu_TRINITY_DN17479_c2_g1	38.1340761600088	-1.37402705314193	0.436432429006313	-3.1483156654293	0.00164214256838483	0.0217044580754349
Tpr_TRINITY_DN10484_c2_g3|Tdu_TRINITY_DN23225_c4_g1	241.245262510338	-1.08406935801564	0.271270561599366	-3.99626613232246	6.43493906413067e-05	0.0019952358230292
Tpr_TRINITY_DN13825_c0_g6|Tdu_TRINITY_DN17725_c4_g3	47.9680671643768	-2.09342837367601	0.43722506754426	-4.78798799308115	1.68461724768207e-06	0.000111049408196476
Tpr_TRINITY_DN11865_c0_g6|Tdu_TRINITY_DN22326_c6_g1	1397.41680548181	-0.898823850746724	0.198756675010734	-4.52223227571191	6.11908574411389e-06	0.000300170076800811
Tpr_TRINITY_DN10528_c5_g3|Tdu_TRINITY_DN18162_c2_g3	165.674988328797	-1.21980735527508	0.34605625124643	-3.52488172336598	0.000423671912278298	0.00827208921794856
Tpr_TRINITY_DN11050_c0_g11|Tdu_TRINITY_DN14597_c0_g1	335.269911329369	-0.753549414950365	0.259821481351476	-2.90025832748985	0.00372855234696775	0.0382953397303146
Tpr_TRINITY_DN9761_c0_g1|Tdu_TRINITY_DN20598_c3_g1	86.5683311000695	-0.982351006708673	0.320955299500253	-3.06070972574141	0.00220813054359667	0.0265733939207379
Tpr_TRINITY_DN13888_c3_g2|Tdu_TRINITY_DN19502_c1_g2	217.75273548711	-0.78367097749914	0.251398803971342	-3.11724226654823	0.00182551488126653	0.0233155138980414
Tpr_TRINITY_DN15639_c0_g1|Tdu_TRINITY_DN19224_c2_g2	12.9202271372652	-1.70763054383744	0.549245590149376	-3.10904734505565	0.00187691639326952	0.0237261482533814
Tpr_TRINITY_DN12009_c6_g3|Tdu_TRINITY_DN18335_c0_g1	44.8865598888752	-2.39438332196031	0.375585586769487	-6.37506711201312	1.82882848846302e-10	4.87358078276902e-08
Tpr_TRINITY_DN15116_c4_g2|Tdu_TRINITY_DN14965_c0_g2	258.902863136237	-1.16259472436749	0.246983070660181	-4.70718386187319	2.51162358927223e-06	0.00015008853691045
Tpr_TRINITY_DN10192_c0_g2|Tdu_TRINITY_DN23428_c7_g2	15.5606870352023	-1.44912797824422	0.48815024446163	-2.96861057571001	0.00299149448577543	0.0327781368089735
Tpr_TRINITY_DN10086_c0_g1|Tdu_TRINITY_DN16518_c0_g1	155.523163569688	-0.992530268168705	0.270309987886867	-3.67182239889748	0.000240827024174495	0.00554802443542177
Tpr_TRINITY_DN13850_c3_g3|Tdu_TRINITY_DN18312_c4_g1	118.067355795114	-1.32309072305549	0.24570929675593	-5.38478087937289	7.25329553722777e-08	7.85906527440284e-06
Tpr_TRINITY_DN15527_c3_g12|Tdu_TRINITY_DN15914_c0_g1	58.0923317829252	-1.97024178454016	0.550363899190392	-3.57988921046324	0.000343739914029158	0.00712032679060399
Tpr_TRINITY_DN14986_c1_g6|Tdu_TRINITY_DN13465_c0_g1	62.8478928492035	-1.33476623085144	0.36222224509616	-3.68493721443611	0.000228759024768258	0.00534493835122042
Tpr_TRINITY_DN11217_c1_g2|Tdu_TRINITY_DN21843_c0_g1	470.107688179239	-0.686647498585068	0.175500356963992	-3.91251340147388	9.13404675319632e-05	0.00256586042696626
Tpr_TRINITY_DN11434_c2_g1|Tdu_TRINITY_DN20705_c1_g2	237.840891891166	-1.03743637919046	0.218371352720565	-4.75078972706642	2.02623749082286e-06	0.000128894849416216
Tpr_TRINITY_DN14252_c4_g1|Tdu_TRINITY_DN19809_c8_g1	195.24774240153	-0.604146644363642	0.207463234636984	-2.91206606038304	0.00359046692709658	0.0373438859717007
Tpr_TRINITY_DN13434_c2_g7|Tdu_TRINITY_DN15508_c0_g1	161.538163508311	-1.49772936310198	0.427206637130651	-3.50586632539591	0.000455123731932654	0.00868430694082121
Tpr_TRINITY_DN14716_c7_g1|Tdu_TRINITY_DN20327_c2_g1	256.988105717831	-0.701993144621458	0.206848266391079	-3.39375889810084	0.000689403589560735	0.0116996891446968
Tpr_TRINITY_DN10723_c4_g1|Tdu_TRINITY_DN22749_c1_g3	194.262247218781	-1.6548352350858	0.331888928184177	-4.98611160106995	6.16065675587052e-07	4.78299807975459e-05
Tpr_TRINITY_DN15786_c3_g1|Tdu_TRINITY_DN18777_c3_g3	204.701055533834	-1.08636098151653	0.261507557764251	-4.15422403392213	3.26393268633022e-05	0.00120533244521408
Tpr_TRINITY_DN8887_c0_g1|Tdu_TRINITY_DN11670_c0_g1	32.8356489324522	-1.75687684593968	0.469262748674763	-3.74390861175588	0.000181179574975368	0.00447726969738628
Tpr_TRINITY_DN13868_c2_g9|Tdu_TRINITY_DN16975_c1_g1	17.376412033834	-2.0275182714428	0.522327487799652	-3.88169935299382	0.000103729068552925	0.00288103835473758
Tpr_TRINITY_DN14905_c6_g1|Tdu_TRINITY_DN23217_c2_g2	174.763155902055	-0.644709953835792	0.222771840873562	-2.89403701701108	0.00380323322715683	0.0387796066388484
Tpr_TRINITY_DN10779_c5_g1|Tdu_TRINITY_DN22286_c0_g4	85.1666787438786	-0.971973796643162	0.312141147016568	-3.11389192335983	0.00184637108868379	0.0235209546956359
Tpr_TRINITY_DN15471_c0_g4|Tdu_TRINITY_DN22883_c1_g1	21.5855491703155	-1.59975868575918	0.476341724357123	-3.35842653279687	0.000783875551163118	0.0127618672049367
Tpr_TRINITY_DN12279_c0_g1|Tdu_TRINITY_DN22537_c2_g4	245.018888967477	-0.740883634628261	0.240064931311623	-3.08618018708671	0.00202745918801821	0.0250824938442403
Tpr_TRINITY_DN11397_c3_g1|Tdu_TRINITY_DN22539_c0_g2	188.301001176817	-1.2204026055554	0.222129355553872	-5.49410771265407	3.926907716402e-08	4.60944167663378e-06
Tpr_TRINITY_DN12855_c5_g5|Tdu_TRINITY_DN20055_c0_g1	121.917630231617	-0.765757762244334	0.26079323787667	-2.93626387125292	0.00332191617239879	0.0350311159998418
Tpr_TRINITY_DN10541_c0_g1|Tdu_TRINITY_DN18898_c0_g1	37.4929171739762	-2.11024124814287	0.453811888000136	-4.65003518846169	3.31878399913111e-06	0.000186989772751044
Tpr_TRINITY_DN11055_c9_g5|Tdu_TRINITY_DN24303_c3_g3	164.966529823587	-1.12916697621798	0.246513289363338	-4.58055214440668	4.63749969930317e-06	0.000243404884130237
Tpr_TRINITY_DN10351_c7_g3|Tdu_TRINITY_DN20767_c4_g2	43.4037607500717	-2.09174858335172	0.416503742133671	-5.02216035955904	5.10934958185007e-07	4.06275700621304e-05
Tpr_TRINITY_DN11734_c6_g3|Tdu_TRINITY_DN18619_c6_g15	127.400856078112	-0.816633125020381	0.285748909093087	-2.85786961571339	0.00426495598728103	0.0420945605951861
Tpr_TRINITY_DN15802_c0_g5|Tdu_TRINITY_DN14937_c0_g1	5.40868856401225	-2.64829554328818	0.622428134948818	-4.25478122627916	2.09253509499806e-05	0.000842138613742075
Tpr_TRINITY_DN12746_c4_g13|Tdu_TRINITY_DN12931_c0_g1	8.53450322807241	-1.88829318598386	0.590536872161592	-3.19758727185312	0.00138582470338685	0.0191108133921599
Tpr_TRINITY_DN14132_c1_g1|Tdu_TRINITY_DN17942_c0_g1	64.2550433922162	-0.900030583755617	0.321548775806389	-2.7990483916429	0.00512534556630004	0.0473626122621541
Tpr_TRINITY_DN15733_c1_g3|Tdu_TRINITY_DN18354_c5_g1	78.7015690428464	-2.4275645118656	0.537600610484281	-4.5155538601022	6.31514928427577e-06	0.000305232215406662
Tpr_TRINITY_DN11512_c1_g1|Tdu_TRINITY_DN22163_c4_g7	42.3323035683873	-1.15558034305612	0.353814102577953	-3.26606637394145	0.00109052685119581	0.0161693154177304
Tpr_TRINITY_DN14781_c1_g8|Tdu_TRINITY_DN20667_c0_g4	647.151005545919	-1.04258884829317	0.318308667878246	-3.27540200285078	0.00105511713601666	0.0158107218254168
Tpr_TRINITY_DN10402_c1_g5|Tdu_TRINITY_DN5336_c0_g1	9.54736965665588	-1.70147780122284	0.578215724102234	-2.94263495491175	0.00325431907822902	0.034656241274109
Tpr_TRINITY_DN13270_c4_g1|Tdu_TRINITY_DN23742_c4_g1	1465.878853136	-1.04088597055956	0.217421079926476	-4.7874197428858	1.68939261962184e-06	0.000111049408196476
Tpr_TRINITY_DN10593_c4_g5|Tdu_TRINITY_DN16955_c7_g3	1112.33891345436	-1.91783084321782	0.461283705520838	-4.15759503373826	3.21615497829246e-05	0.00119215368744224
Tpr_TRINITY_DN12400_c4_g1|Tdu_TRINITY_DN21299_c0_g4	430.424965872738	-0.93020954633567	0.183711642187534	-5.06342186733113	4.11797198484968e-07	3.39993493011406e-05
Tpr_TRINITY_DN14071_c2_g5|Tdu_TRINITY_DN21181_c3_g1	290.661082671088	-1.24840617017603	0.295848365219795	-4.21975010491794	2.44573263950397e-05	0.000953159044486529
Tpr_TRINITY_DN12547_c0_g3|Tdu_TRINITY_DN18149_c2_g1	105.953261905353	-0.736598250645442	0.256295293707284	-2.87402175822516	0.00405281041437882	0.0404506191761707
Tpr_TRINITY_DN14562_c1_g1|Tdu_TRINITY_DN25047_c3_g1	137.823456777504	-1.29117354723027	0.431653172434168	-2.99122913877619	0.00277856913135579	0.0314795228964995
Tpr_TRINITY_DN12486_c1_g2|Tdu_TRINITY_DN25024_c1_g5	124.115163541577	-1.07504732242097	0.336309392818465	-3.19660213296887	0.00139056587548216	0.0191494127545449
Tpr_TRINITY_DN10471_c5_g1|Tdu_TRINITY_DN21478_c1_g1	222.416940629051	-0.91004215304036	0.314545334606737	-2.89319869957108	0.00381339968183893	0.0388431000650122
Tpr_TRINITY_DN13437_c0_g5|Tdu_TRINITY_DN13535_c0_g1	9.83731782218916	-1.78559817146694	0.599138108463653	-2.98027807986657	0.00287986821069586	0.0321216069654539
Tpr_TRINITY_DN13747_c1_g2|Tdu_TRINITY_DN17564_c2_g1	69.2046075570304	-1.11210965509726	0.400789280035589	-2.7747989042983	0.00552358502653946	0.049644668021026
Tpr_TRINITY_DN12100_c1_g5|Tdu_TRINITY_DN21143_c2_g4	1706.68973427672	-0.477221061314142	0.142421132116613	-3.35077424411566	0.00080585970331908	0.0130472523394518
Tpr_TRINITY_DN11191_c5_g9|Tdu_TRINITY_DN18309_c4_g1	31.7742351988335	-1.32140042852618	0.473642126623395	-2.78987098961504	0.00527290477367752	0.0481396676559818
Tpr_TRINITY_DN14933_c1_g3|Tdu_TRINITY_DN26200_c0_g1	30.2515248014135	-2.01188325686524	0.536020355228882	-3.75337100026017	0.000174472336866388	0.00435518288987996
Tpr_TRINITY_DN15922_c3_g2|Tdu_TRINITY_DN18955_c1_g1	187.746246231799	-0.860349428680959	0.248543492381978	-3.4615648972966	0.000537044622047209	0.00976985234941971
Tpr_TRINITY_DN11748_c5_g4|Tdu_TRINITY_DN24733_c4_g4	22.7469448726272	-1.90362568698422	0.544106119196235	-3.49862943977969	0.000467656032351155	0.00881661277052082
Tpr_TRINITY_DN13112_c3_g8|Tdu_TRINITY_DN18630_c3_g1	826.521072330036	-0.835182196701622	0.219870908769457	-3.79851159653569	0.000145567619499446	0.00378706260755814
Tpr_TRINITY_DN11036_c5_g2|Tdu_TRINITY_DN17182_c1_g4	171.037157913636	-1.14275007964375	0.365300877056875	-3.12824346015964	0.0017585445074853	0.0227848210825297
Tpr_TRINITY_DN10394_c0_g1|Tdu_TRINITY_DN18196_c3_g1	220.528071163071	-0.57002075698904	0.204994136015293	-2.78066859896185	0.00542470831008387	0.0491162754246345
Tpr_TRINITY_DN10999_c2_g2|Tdu_TRINITY_DN15745_c0_g1	55.3938224011194	-1.02888046283765	0.355670553648818	-2.8927906802584	0.00381835674801421	0.0388510494751601
Tpr_TRINITY_DN15376_c1_g2|Tdu_TRINITY_DN22483_c4_g1	137.277734327258	-1.41284842312732	0.263107905950152	-5.36984404944104	7.88047591531047e-08	8.35499919623239e-06
Tpr_TRINITY_DN13394_c2_g2|Tdu_TRINITY_DN20169_c1_g3	120.797721975186	-1.12278077087527	0.393747254497496	-2.85152660253638	0.00435098453439642	0.0425602257035205
Tpr_TRINITY_DN11216_c3_g1|Tdu_TRINITY_DN24910_c0_g1	144.353407872386	-1.80903609654884	0.275051026986085	-6.57709268120769	4.79735772207959e-11	1.31394297610291e-08
Tpr_TRINITY_DN14915_c5_g8|Tdu_TRINITY_DN16163_c0_g1	727.339087808791	-1.38853768665606	0.313016892687301	-4.43598322996323	9.16529833287091e-06	0.000424271556629611
Tpr_TRINITY_DN14945_c4_g5|Tdu_TRINITY_DN14495_c0_g1	41.7812541933231	-1.22439821596258	0.384242116879048	-3.18652787442349	0.00143991611883162	0.0196642284372296
Tpr_TRINITY_DN15516_c2_g4|Tdu_TRINITY_DN28285_c0_g1	27.4661754864391	-2.14806749977711	0.465350940619954	-4.61601624123806	3.91176347154067e-06	0.000211923010051599
Tpr_TRINITY_DN11117_c0_g2|Tdu_TRINITY_DN17603_c7_g1	33.1712137537011	-1.28134080803835	0.380247297875855	-3.3697565116076	0.000752346309300985	0.0124465345800465
Tpr_TRINITY_DN10737_c6_g2|Tdu_TRINITY_DN24991_c4_g1	79.3200450786961	-0.934568009638641	0.290559656856271	-3.21644105637466	0.00129791192402226	0.0182593563575098
Tpr_TRINITY_DN11197_c3_g2|Tdu_TRINITY_DN17858_c4_g1	97.0497004002569	-0.915832768792916	0.318182486518347	-2.87832551318033	0.00399792377069055	0.0400409614615124
Tpr_TRINITY_DN14265_c1_g1|Tdu_TRINITY_DN25548_c2_g4	166.020537581102	-1.0073129024709	0.282328701548473	-3.56787282676592	0.000359891092424625	0.00733166564319588
Tpr_TRINITY_DN11405_c6_g1|Tdu_TRINITY_DN18615_c8_g1	83.4093191758279	-1.27892256511418	0.309145645921435	-4.13695803899241	3.51940437323549e-05	0.00126186644073098
Tpr_TRINITY_DN30938_c0_g1|Tdu_TRINITY_DN9706_c0_g1	52.0888104850099	-1.76412959389224	0.636467666127207	-2.77175053467627	0.00557557480232353	0.0499320322896549
Tpr_TRINITY_DN14627_c4_g3|Tdu_TRINITY_DN19454_c1_g2	259.560992851158	-1.25575165668368	0.303231082508359	-4.14123659849107	3.45438407528471e-05	0.0012513670716333
Tpr_TRINITY_DN14252_c3_g1|Tdu_TRINITY_DN16975_c2_g8	276.471941045427	-0.58718109221621	0.203528692500254	-2.88500400117038	0.00391408687217861	0.0393669929478514
Tpr_TRINITY_DN11989_c1_g8|Tdu_TRINITY_DN18271_c1_g2	280.963361154932	-0.807537031473291	0.239213146482655	-3.37580539927326	0.000735999569843095	0.0122583712139407
Tpr_TRINITY_DN12454_c4_g4|Tdu_TRINITY_DN19132_c1_g1	10.1514736090879	-1.76259076558433	0.576255953576382	-3.05869423933111	0.00222303913709608	0.0266981314150638
Tpr_TRINITY_DN15841_c3_g2|Tdu_TRINITY_DN23698_c3_g1	16.3254150560438	-1.81999058086846	0.596177069136675	-3.05276850634995	0.0022674077987946	0.0270989586619572
Tpr_TRINITY_DN13412_c1_g3|Tdu_TRINITY_DN21504_c2_g2	46.9142457951833	-1.29552737192781	0.404652298438206	-3.20158164658405	0.00136675336184422	0.0189272305446404
Tpr_TRINITY_DN10425_c4_g2|Tdu_TRINITY_DN18400_c2_g1	35.1924031910903	-1.56918482375607	0.431730887009981	-3.63463646213433	0.00027837288424299	0.00622393795609043
Tpr_TRINITY_DN14335_c0_g2|Tdu_TRINITY_DN2068_c0_g1	43.6361422249716	-1.74215386738782	0.515066502141622	-3.38238627467332	0.000718590241673376	0.0120703573814301
Tpr_TRINITY_DN15821_c0_g2|Tdu_TRINITY_DN23948_c0_g4	12.2921215806375	-1.65266593104187	0.562225486066822	-2.93950731868005	0.00328734506898697	0.0348904438968907
Tpr_TRINITY_DN11101_c7_g4|Tdu_TRINITY_DN17052_c7_g3	57.624020721503	-0.984575388028023	0.316118640469244	-3.11457554849195	0.00184209776181237	0.0234968744262225
Tpr_TRINITY_DN10565_c1_g4|Tdu_TRINITY_DN20788_c3_g5	195.297259735608	-0.77366191735736	0.206072070544549	-3.75432689792918	0.000173807910324906	0.00434960912640501
Tpr_TRINITY_DN14133_c5_g1|Tdu_TRINITY_DN15750_c1_g1	3.64430262537515	-1.81687620265573	0.62826389325348	-2.89189976085844	0.00382920097015643	0.0388770695261222
Tpr_TRINITY_DN11070_c3_g2|Tdu_TRINITY_DN22380_c2_g2	158.577255180313	-0.727566043485555	0.212848132490559	-3.41824020240265	0.000630274565829209	0.0109991278213734
Tpr_TRINITY_DN36867_c0_g1|Tdu_TRINITY_DN13057_c0_g1	10.0539317064714	-1.88394938421569	0.623289299476966	-3.02259221487777	0.00250619711444814	0.0291404522977107
Tpr_TRINITY_DN12713_c1_g8|Tdu_TRINITY_DN18398_c2_g2	387.712176438101	-0.749138463316427	0.267600760788558	-2.79946312973434	0.00511876619294825	0.0473461863625419
Tpr_TRINITY_DN12722_c5_g2|Tdu_TRINITY_DN16579_c1_g2	9.23707211054014	-1.58109116936048	0.552079977920448	-2.86388065605289	0.00418485651175417	0.0414283988011005
Tpr_TRINITY_DN12141_c2_g2|Tdu_TRINITY_DN23282_c7_g1	47.6068631946868	-2.42823792905048	0.39943525623732	-6.07917776694146	1.20800377908207e-09	2.83593268136886e-07
Tpr_TRINITY_DN15564_c3_g1|Tdu_TRINITY_DN19685_c2_g1	64.038877134848	-1.03246097003137	0.347882267675005	-2.9678459236557	0.0029989461714059	0.0328186562153854
Tpr_TRINITY_DN6283_c0_g1|Tdu_TRINITY_DN13460_c0_g1	23.3260597798514	-1.69404970210274	0.508957025568822	-3.32847296922453	0.000873234785025754	0.0138648872469467
Tpr_TRINITY_DN8010_c0_g1|Tdu_TRINITY_DN15834_c0_g2	23.915532981135	-1.56549327181526	0.449991005878119	-3.47894347079301	0.000503394762947745	0.00934740557940635
Tpr_TRINITY_DN11414_c1_g7|Tdu_TRINITY_DN20357_c2_g6	21.0268861982557	-1.92883411009191	0.47145067954724	-4.09127442969067	4.29009100666827e-05	0.00145361846480238
Tpr_TRINITY_DN11304_c2_g1|Tdu_TRINITY_DN19409_c1_g2	600.71204830973	-0.684297520841761	0.217774654670618	-3.14222755571237	0.00167667671357049	0.0220133587161185
Tpr_TRINITY_DN15984_c4_g3|Tdu_TRINITY_DN22258_c5_g4	888.215022420613	-3.97147805114917	0.362320666834946	-10.9612241715109	5.86999064086919e-28	2.89390538594851e-24
Tpr_TRINITY_DN11729_c9_g1|Tdu_TRINITY_DN21748_c2_g3	53.4958264027021	-0.948860385907177	0.3384167072347	-2.80382252300895	0.00505006950573281	0.0469309004020033
Tpr_TRINITY_DN12842_c1_g1|Tdu_TRINITY_DN18003_c5_g2	26.4345467695233	-2.31203779363434	0.500270982826058	-4.62157085460666	3.80845212136965e-06	0.00020746595534091
Tpr_TRINITY_DN12497_c0_g7|Tdu_TRINITY_DN16141_c0_g1	424.749774648128	-1.62985135683907	0.224433130831609	-7.26208002713264	3.81182550337289e-13	1.78974283158365e-10
Tpr_TRINITY_DN14795_c2_g2|Tdu_TRINITY_DN20818_c3_g5	42.3816518114681	-1.43726479328518	0.443112752514176	-3.24356449939725	0.00118044080746842	0.0171922398251678
Tpr_TRINITY_DN15100_c1_g4|Tdu_TRINITY_DN23348_c0_g1	77.4389017782623	-1.21977083803616	0.331875356242966	-3.67538841041021	0.000237487828505313	0.00549678401188353
Tpr_TRINITY_DN12408_c4_g1|Tdu_TRINITY_DN21377_c2_g1	122.415401407707	-0.749027700724678	0.266033626326805	-2.81553768621921	0.00486956852529087	0.0459903694055249
Tpr_TRINITY_DN11700_c0_g2|Tdu_TRINITY_DN18621_c0_g1	6.09941102413699	-1.78305224997035	0.614698665261022	-2.9006932188688	0.00372338207575171	0.0382953397303146
Tpr_TRINITY_DN11481_c0_g1|Tdu_TRINITY_DN24933_c2_g1	71.1009494039493	-2.03111574501947	0.517258064222877	-3.9266971082819	8.61203206383845e-05	0.00247564536878854
Tpr_TRINITY_DN13028_c2_g7|Tdu_TRINITY_DN19220_c2_g1	1929.32864077654	-1.01978913330618	0.270181761098817	-3.77445586689029	0.000160357292472742	0.00405416129174676
Tpr_TRINITY_DN10855_c3_g7|Tdu_TRINITY_DN23834_c1_g2	329.859204442917	-2.31095805879325	0.22846607991654	-10.1151035621456	4.73515975128772e-24	1.16721687869242e-20
Tpr_TRINITY_DN11205_c1_g1|Tdu_TRINITY_DN22997_c11_g1	175.662169486214	-1.39692565649909	0.232886337604436	-5.99831519044199	1.99375252228471e-09	4.36853330438384e-07
Tpr_TRINITY_DN13208_c3_g2|Tdu_TRINITY_DN20471_c1_g3	23.0182023415159	-1.56761257413205	0.483667960991801	-3.24109244473735	0.00119072562764698	0.0173164523430667
Tpr_TRINITY_DN10419_c2_g1|Tdu_TRINITY_DN5615_c0_g1	21.7619974714188	-1.36584410986387	0.442227638017921	-3.08855438340675	0.00201132877428322	0.024945536747714
Tpr_TRINITY_DN15581_c5_g2|Tdu_TRINITY_DN22098_c1_g1	43.5399090213854	-1.35378143254608	0.466076214096952	-2.90463531842986	0.00367681227534972	0.0379616429685322
Tpr_TRINITY_DN15253_c3_g1|Tdu_TRINITY_DN23736_c2_g1	100.927586186393	-1.46190229687398	0.258441643409883	-5.65660501761873	1.5439652232358e-08	2.15354407363295e-06
Tpr_TRINITY_DN15806_c1_g1|Tdu_TRINITY_DN9488_c0_g1	14.1561178453344	-1.58668099314989	0.560703254873492	-2.82980521222029	0.00465763513847567	0.0444571950294
Tpr_TRINITY_DN15434_c0_g1|Tdu_TRINITY_DN17290_c4_g3	30.1954034014882	-1.64856487245872	0.508107407178516	-3.24452044817273	0.00117648570087025	0.0171599837434626
Tpr_TRINITY_DN13167_c0_g2|Tdu_TRINITY_DN19747_c1_g2	135.973191960418	-0.758448234728563	0.273391480490527	-2.77422044523016	0.00553341685143079	0.049644668021026
Tpr_TRINITY_DN11791_c1_g4|Tdu_TRINITY_DN12267_c0_g1	217.864998520988	-1.00684445801035	0.299317968273362	-3.36379557772092	0.000768784641250383	0.0126336942712146
Tpr_TRINITY_DN15545_c0_g3|Tdu_TRINITY_DN16825_c0_g1	51.7588413637376	-1.90126081283045	0.39139298397873	-4.85767729789907	1.18770771941562e-06	8.25173924576824e-05
Tpr_TRINITY_DN14001_c3_g1|Tdu_TRINITY_DN17280_c1_g2	63.4954639559527	-0.912138751952486	0.328487022568795	-2.77678778546406	0.00548990102687948	0.0495699854624832
Tpr_TRINITY_DN11424_c1_g3|Tdu_TRINITY_DN22750_c7_g2	594.430888072774	-0.915694312263529	0.288927131458686	-3.16929153603723	0.00152811033309592	0.0206040815574497
Tpr_TRINITY_DN10672_c0_g2|Tdu_TRINITY_DN21539_c2_g1	12.846235937418	-1.60915740089991	0.569101462382097	-2.82754044272604	0.00469070900453244	0.0446432343481563
Tpr_TRINITY_DN10596_c3_g4|Tdu_TRINITY_DN17396_c3_g1	62.0894743483653	-1.05130760601045	0.2928398082106	-3.59004334975657	0.000330622972218244	0.00690665785184722
Tpr_TRINITY_DN15038_c1_g5|Tdu_TRINITY_DN18588_c1_g5	75.5634739626227	-1.2072042586294	0.380441539402092	-3.17316626498427	0.00150786146423336	0.0203664575853986
Tpr_TRINITY_DN11162_c2_g1|Tdu_TRINITY_DN18657_c1_g1	40.4584180915225	-1.21210762150086	0.375822685214082	-3.22521143397825	0.00125879665199916	0.0179660636586241
Tpr_TRINITY_DN12790_c1_g7|Tdu_TRINITY_DN18465_c1_g1	56.7525240807867	-1.17281149962883	0.378592924618872	-3.09781674026132	0.00194951942542794	0.0244192643206079
Tpr_TRINITY_DN14819_c7_g1|Tdu_TRINITY_DN18741_c6_g4	184.493613199757	-0.971105662960331	0.237748044935143	-4.08459999418815	4.41528100653778e-05	0.00148017208408332
Tpr_TRINITY_DN11349_c1_g2|Tdu_TRINITY_DN18586_c1_g3	62.0712258626117	-1.14533987206748	0.322604207512991	-3.55029427823368	0.000384800750282402	0.00771165731257009
Tpr_TRINITY_DN15468_c2_g2|Tdu_TRINITY_DN10202_c0_g1	49.6016882693334	-1.37285675715506	0.367670397173457	-3.73393334820856	0.000188512401672624	0.00458946242096807
Tpr_TRINITY_DN12039_c0_g1|Tdu_TRINITY_DN21805_c0_g1	198.464803060503	-0.927578838027146	0.239464717862148	-3.87355116991022	0.00010726087290539	0.00295416817555069
Tpr_TRINITY_DN11568_c0_g5|Tdu_TRINITY_DN15770_c0_g1	8.26035318166412	-1.94850355048433	0.578347003822784	-3.36909076662458	0.000754165892926022	0.0124513062057912
Tpr_TRINITY_DN12052_c7_g6|Tdu_TRINITY_DN19059_c0_g2	11.1869182496752	-2.09572288771615	0.572197551491559	-3.66258625583626	0.000249681638928488	0.00569875222184002
Tpr_TRINITY_DN14731_c0_g1|Tdu_TRINITY_DN17915_c2_g5	59.3945382719825	-1.69693747843656	0.347441181131045	-4.88410001633203	1.03902327869425e-06	7.53291877053333e-05
Tpr_TRINITY_DN14337_c1_g6|Tdu_TRINITY_DN22798_c0_g1	147.378353173883	-1.00987258287086	0.244397542517921	-4.1320897602594	3.5947997908538e-05	0.00127499014164815
Tpr_TRINITY_DN10488_c3_g5|Tdu_TRINITY_DN21491_c3_g2	18.7140284970919	-1.59924319344378	0.499264647260282	-3.20319734677719	0.00135910811514932	0.0188743746695384
Tpr_TRINITY_DN12160_c0_g1|Tdu_TRINITY_DN17507_c6_g3	50.2392727514732	-1.38812018290164	0.467593078259744	-2.96864998102164	0.00299111093129101	0.0327781368089735
Tpr_TRINITY_DN10419_c0_g1|Tdu_TRINITY_DN14990_c0_g1	10.2081459660351	-1.86217653602809	0.57520153297385	-3.23743319389371	0.00120610175070134	0.0174884753851694
Tpr_TRINITY_DN10300_c2_g2|Tdu_TRINITY_DN11479_c0_g1	98.4335544293774	-0.738111601335268	0.247918113063382	-2.9772395095092	0.00290856691869419	0.0322229997958705
Tpr_TRINITY_DN12722_c5_g1|Tdu_TRINITY_DN24413_c1_g1	11.6130718381365	-1.76401754994753	0.535552507477039	-3.29382744981948	0.000988331492872619	0.0151068020132643
Tpr_TRINITY_DN12451_c1_g4|Tdu_TRINITY_DN22402_c2_g3	426.253047900355	-1.32740701872132	0.42879811611867	-3.095645640276	0.00196384902826248	0.0244798374445867
Tpr_TRINITY_DN15042_c4_g2|Tdu_TRINITY_DN22426_c0_g2	375.955810861293	-0.773142555924774	0.210631345222031	-3.67059591776233	0.000241985639456743	0.00556172122387758
Tpr_TRINITY_DN11282_c5_g4|Tdu_TRINITY_DN21715_c2_g2	61.5173473080905	-1.12325767299562	0.310330534269012	-3.61955253820406	0.000295112890545912	0.00649511852853279
Tpr_TRINITY_DN10444_c1_g2|Tdu_TRINITY_DN31867_c0_g1	16.5464310764252	-2.05008059119866	0.540822462994261	-3.79067204392436	0.000150240223249013	0.00385773073238351
Tpr_TRINITY_DN13489_c1_g5|Tdu_TRINITY_DN13518_c0_g1	15.6046696404273	-1.58404022084069	0.538004025602954	-2.94429064738952	0.00323695857827972	0.0345789941298353
Tpr_TRINITY_DN14093_c1_g15|Tdu_TRINITY_DN16091_c0_g1	35.2264303344605	-1.77698252278984	0.455299395941315	-3.90288794281397	9.50517157771087e-05	0.00266252817489287
Tpr_TRINITY_DN10830_c1_g7|Tdu_TRINITY_DN18478_c2_g6	300.931669517511	-0.722485496932254	0.24664734778213	-2.92922467413047	0.00339808705360604	0.0356817234808898
Tpr_TRINITY_DN11865_c0_g5|Tdu_TRINITY_DN16945_c2_g2	214.230068026282	-0.840873701863952	0.283251275758314	-2.96864930127069	0.00299111754731632	0.0327781368089735
Tpr_TRINITY_DN12810_c4_g1|Tdu_TRINITY_DN24212_c2_g2	79.4527131145899	-1.50859171349486	0.263876343414678	-5.71704039086266	1.08395358972406e-08	1.6193609688908e-06
Tpr_TRINITY_DN13731_c1_g1|Tdu_TRINITY_DN15153_c0_g1	276.308634101665	-0.626497201916972	0.224365200909581	-2.79231003460938	0.00523331863383728	0.0480754548621436
Tpr_TRINITY_DN10195_c0_g4|Tdu_TRINITY_DN19802_c1_g3	87.574987204464	-1.18481929775169	0.411064421704341	-2.88232022815119	0.00394758321198829	0.0395963077011236
Tpr_TRINITY_DN12810_c4_g2|Tdu_TRINITY_DN22755_c1_g2	1586.4998846747	-1.04937311677413	0.241626725876385	-4.34295135593147	1.40581269993432e-05	0.000608940191175133
Tpr_TRINITY_DN14672_c0_g1|Tdu_TRINITY_DN18062_c8_g1	495.477808448006	-0.645848200178435	0.180760818161626	-3.57294355462008	0.000352990870621654	0.00724929153544959
Tpr_TRINITY_DN14168_c3_g1|Tdu_TRINITY_DN18129_c3_g1	168.142045266223	-0.785237993025059	0.263184087742261	-2.98360740484452	0.00284872034001248	0.0318823865522396
Tpr_TRINITY_DN12916_c2_g10|Tdu_TRINITY_DN19142_c4_g1	92.818685977526	-1.74874041346382	0.348931361367591	-5.01170318027551	5.39503777546003e-07	4.25560579728287e-05
Tpr_TRINITY_DN10614_c6_g2|Tdu_TRINITY_DN19784_c4_g2	72.4184023327766	-0.931422848530217	0.330982691135448	-2.81411346718748	0.00489119604606066	0.0460622664891673
Tpr_TRINITY_DN14580_c3_g2|Tdu_TRINITY_DN20631_c1_g1	60.3435286116154	-1.53301995593244	0.382746879935734	-4.00531013130621	6.19361664973187e-05	0.00193870032274147
Tpr_TRINITY_DN13584_c4_g1|Tdu_TRINITY_DN21118_c5_g1	2808.29663803848	-1.09169315287221	0.212779224864319	-5.13063788801908	2.88761939868948e-07	2.56503849288994e-05
Tpr_TRINITY_DN10411_c4_g5|Tdu_TRINITY_DN24941_c2_g1	55.8088905353369	-1.56093239474523	0.47441390933129	-3.29023319941324	0.00100104382876139	0.0152319323326964
Tpr_TRINITY_DN12156_c0_g1|Tdu_TRINITY_DN17403_c1_g4	234.54609615029	-1.29217067930096	0.228318195183794	-5.65951687845454	1.51799720166336e-08	2.15354407363295e-06
Tpr_TRINITY_DN15761_c3_g1|Tdu_TRINITY_DN20803_c0_g1	58.9208049578659	-1.07376763007936	0.348789430426888	-3.07855553066836	0.0020800675968703	0.0254870779392108
Tpr_TRINITY_DN15530_c0_g4|Tdu_TRINITY_DN23956_c1_g1	26.7291579401502	-1.75570276648697	0.621634667475855	-2.82433213323831	0.00473792596357022	0.045005732178037
Tpr_TRINITY_DN15121_c2_g1|Tdu_TRINITY_DN19715_c8_g1	38.0273702161504	-0.948672275940826	0.339807992700988	-2.79178917599976	0.00524174964613147	0.0480754548621436
Tpr_TRINITY_DN9365_c0_g1|Tdu_TRINITY_DN14182_c0_g1	58.1554045233326	-1.9174690887499	0.32378838642499	-5.92198228577946	3.18083894103862e-09	6.41255536002191e-07
Tpr_TRINITY_DN2421_c0_g1|Tdu_TRINITY_DN10972_c0_g1	52.0662260625256	-1.12235626054824	0.310594541544617	-3.61357368022842	0.000302005481999168	0.00651591696392079
Tpr_TRINITY_DN14213_c6_g1|Tdu_TRINITY_DN18481_c3_g1	146.393368992338	-0.992973048043662	0.30686681547356	-3.23584368844607	0.00121283780038718	0.0175345758237795
Tpr_TRINITY_DN10528_c2_g1|Tdu_TRINITY_DN21307_c3_g1	106.925742130493	-0.977598005179029	0.275687068002125	-3.54604230174298	0.000391063425727222	0.00778966742963719
Tpr_TRINITY_DN13308_c0_g10|Tdu_TRINITY_DN13305_c0_g1	42.3308739710072	-1.69341643637537	0.410379655359495	-4.12646293318788	3.68385347861159e-05	0.00129876576239231
Tpr_TRINITY_DN15421_c3_g7|Tdu_TRINITY_DN24698_c0_g3	10.7992032665787	-2.08909362704607	0.573025804891219	-3.64572347216136	0.000266640584151028	0.00604385324075663
Tpr_TRINITY_DN11710_c2_g3|Tdu_TRINITY_DN21110_c0_g1	778.692212935575	-1.24346982441509	0.39767058590407	-3.12688408067237	0.00176669570923027	0.022851652991018
Tpr_TRINITY_DN12196_c0_g2|Tdu_TRINITY_DN18791_c2_g2	44.1877981522357	-1.15630426083764	0.348298657595638	-3.31986424759659	0.000900612307347493	0.0142308290872537
Tpr_TRINITY_DN11815_c1_g6|Tdu_TRINITY_DN24449_c1_g1	183.397792055363	-1.19745190789285	0.348718994689656	-3.43385914196766	0.000595053331702476	0.0105147416677176
Tpr_TRINITY_DN11727_c1_g9|Tdu_TRINITY_DN23347_c1_g1	14.5209683976823	-1.70847728399477	0.548048030170025	-3.11738605002328	0.00182462467902408	0.0233155138980414
Tpr_TRINITY_DN10744_c7_g1|Tdu_TRINITY_DN22154_c1_g1	213.267055233608	-1.63718158455311	0.29758668595653	-5.50152833380545	3.76513090063462e-08	4.47279405786234e-06
Tpr_TRINITY_DN10018_c0_g1|Tdu_TRINITY_DN3659_c0_g1	15.1300455832192	-2.06250849884904	0.52500853163441	-3.92852377546746	8.54689020582827e-05	0.00246410343361014
Tpr_TRINITY_DN11475_c5_g4|Tdu_TRINITY_DN18730_c2_g2	456.566379414164	-1.14283842753781	0.242047950898559	-4.72153729579295	2.34068698101707e-06	0.000144244835205177
Tpr_TRINITY_DN13901_c3_g6|Tdu_TRINITY_DN15310_c0_g1	17.069450847979	-1.50280926139617	0.523686901062277	-2.86967128325682	0.00410898719131331	0.0408825567168004
Tpr_TRINITY_DN10306_c3_g1|Tdu_TRINITY_DN24283_c1_g2	284.857804826832	-1.43896531199111	0.402718505004555	-3.57312935489478	0.000352740400035124	0.00724929153544959
Tpr_TRINITY_DN12869_c4_g3|Tdu_TRINITY_DN10875_c0_g1	4.36717825880917	-2.68316913173402	0.617872323117888	-4.34259479077214	1.4080969937924e-05	0.000608940191175133
Tpr_TRINITY_DN11118_c3_g2|Tdu_TRINITY_DN22303_c4_g1	589.566091074537	-1.902613995839	0.257801196938162	-7.38015966735551	1.58099815490752e-13	7.79432090369405e-11
Tpr_TRINITY_DN12074_c2_g2|Tdu_TRINITY_DN21661_c0_g5	31.4962561153846	-1.20675296971025	0.432924432608914	-2.78744482596661	0.00531254999381213	0.0482921525285995
Tpr_TRINITY_DN12633_c1_g1|Tdu_TRINITY_DN11559_c0_g1	58.7120707037064	-2.08245701058179	0.369260584750143	-5.63953234269741	1.70512623868702e-08	2.30308831691151e-06
Tpr_TRINITY_DN12999_c3_g4|Tdu_TRINITY_DN21928_c11_g1	112.534056744402	-1.51866869615007	0.286553184928624	-5.29977950350945	1.15942616823568e-07	1.15474161806099e-05
Tpr_TRINITY_DN12203_c5_g2|Tdu_TRINITY_DN19023_c1_g1	154.414987911334	-0.694119714367974	0.247054504699389	-2.80958129143431	0.00496059897830187	0.0464938269259091
Tpr_TRINITY_DN13473_c4_g1|Tdu_TRINITY_DN18075_c6_g2	138.321876007095	-0.97028812939249	0.243735152884358	-3.98091173107414	6.86514408401282e-05	0.00207094567202419
Tpr_TRINITY_DN15254_c2_g4|Tdu_TRINITY_DN25400_c1_g1	42.8255174903476	-1.21867948613813	0.403968345774534	-3.01676975160403	0.00255483789031964	0.029566551172009
Tpr_TRINITY_DN9369_c0_g1|Tdu_TRINITY_DN20142_c1_g1	65.2999675445446	-1.09976139322101	0.32301332357834	-3.40469359293869	0.00066238330884466	0.011358433782971
Tpr_TRINITY_DN11775_c0_g1|Tdu_TRINITY_DN18970_c4_g6	12.2429593965809	-1.65906690895863	0.550755045519785	-3.01234990483447	0.00259233598256767	0.0299390891621155
Tpr_TRINITY_DN9570_c0_g2|Tdu_TRINITY_DN13600_c0_g1	57.8120396996916	-1.14609606727675	0.36309497719674	-3.15646356808662	0.00159694835516276	0.0212784196247998
Tpr_TRINITY_DN8390_c0_g1|Tdu_TRINITY_DN17069_c7_g3	26.3159805039908	-1.35675927194262	0.435922185767977	-3.11238866990074	0.00185579994891863	0.0235514952771742
Tpr_TRINITY_DN14366_c0_g5|Tdu_TRINITY_DN24074_c5_g3	22.1850187313293	-1.17657012157823	0.407448422524253	-2.88765413371603	0.00388126392155661	0.0391301250169205
Tpr_TRINITY_DN10281_c1_g5|Tdu_TRINITY_DN21887_c2_g1	33.2147641072447	-1.80054676264446	0.396435740918844	-4.54183762158078	5.57659881056484e-06	0.000284897742342846
Tpr_TRINITY_DN11365_c1_g1|Tdu_TRINITY_DN20849_c0_g1	6.28342354421156	-1.77739957876054	0.613514564183005	-2.89707805246227	0.00376656032506993	0.0385651970978084
Tpr_TRINITY_DN9735_c0_g1|Tdu_TRINITY_DN24966_c2_g3	2.71760734774707	-1.94046199132962	0.614982448236707	-3.15531280102931	0.00160326114703286	0.0212784196247998
Tpr_TRINITY_DN13147_c5_g3|Tdu_TRINITY_DN18010_c2_g1	1907.29235463396	-0.691975472088169	0.242359178519436	-2.85516511615291	0.0043014459514031	0.0422773323866923
Tpr_TRINITY_DN11187_c2_g2|Tdu_TRINITY_DN18842_c0_g1	281.166935193872	-0.978590223421194	0.204263657547782	-4.7908190579241	1.66101867154176e-06	0.000110659757441904
Tpr_TRINITY_DN13881_c1_g6|Tdu_TRINITY_DN20778_c4_g1	67.2587787988885	-0.973706961840037	0.28424580733761	-3.42558073577327	0.000613486574189088	0.0107633053763424
Tpr_TRINITY_DN10550_c0_g1|Tdu_TRINITY_DN21108_c1_g2	40.3856230244744	-1.21139699265941	0.397108500736929	-3.05054409666722	0.00228427134255828	0.0271687761611878
Tpr_TRINITY_DN14878_c0_g1|Tdu_TRINITY_DN22681_c2_g2	52.7664865242611	-0.909648153085182	0.328154760265109	-2.77200962238151	0.0055711389680212	0.0499320322896549
Tpr_TRINITY_DN12335_c1_g2|Tdu_TRINITY_DN23215_c3_g6	5.49210580959177	-2.05980540113347	0.623642983754289	-3.30285989707378	0.0009570419058544	0.0147943950990648
Tpr_TRINITY_DN10968_c3_g2|Tdu_TRINITY_DN17977_c2_g2	78.2655015147513	-0.879543640192307	0.289387997778172	-3.03932314728033	0.00237110371022558	0.0278986665666161
Tpr_TRINITY_DN14240_c0_g3|Tdu_TRINITY_DN22364_c5_g3	158.391072693537	-0.710875292048215	0.252210916306514	-2.81857463768255	0.00482373947911447	0.0456888292642351
Tpr_TRINITY_DN14876_c1_g1|Tdu_TRINITY_DN15368_c0_g1	47.9774004535578	-1.04201425162573	0.37311916515803	-2.79271168283301	0.00522682561947849	0.0480750938508002
Tpr_TRINITY_DN14130_c1_g1|Tdu_TRINITY_DN15553_c0_g1	109.887099655773	-1.07761658614893	0.253883013723848	-4.24453991759003	2.19042374314411e-05	0.000863903124296038
Tpr_TRINITY_DN10872_c3_g1|Tdu_TRINITY_DN16784_c4_g2	4.69773835885836	-1.88885029495144	0.618465777572319	-3.05409023982831	0.002257441660462	0.0270454128458752
Tpr_TRINITY_DN10907_c5_g3|Tdu_TRINITY_DN19919_c1_g1	5181.12497060864	-1.54129560843709	0.38656818260279	-3.98712485352375	6.68788352471441e-05	0.00204927548876882
Tpr_TRINITY_DN14012_c2_g5|Tdu_TRINITY_DN17488_c4_g1	1514.00187595966	-0.723642105631642	0.170381419408499	-4.24718908988938	2.16469255890713e-05	0.000862431922894653
Tpr_TRINITY_DN12131_c1_g4|Tdu_TRINITY_DN20272_c0_g1	43.7729729575417	-1.63026060966231	0.415704234893271	-3.92168391087204	8.79322955179706e-05	0.00250581628267974
Tpr_TRINITY_DN13836_c2_g1|Tdu_TRINITY_DN17888_c4_g2	806.352194879388	-0.876495727586508	0.195792055677555	-4.47666645387281	7.58175600132172e-06	0.000355981496062058
Tpr_TRINITY_DN13119_c1_g2|Tdu_TRINITY_DN19634_c5_g4	133.247521036672	-1.40931578373669	0.29012806428484	-4.85756449384041	1.18838435385303e-06	8.25173924576824e-05
Tpr_TRINITY_DN11946_c4_g1|Tdu_TRINITY_DN19894_c1_g1	110.958972537647	-0.925634863310464	0.268567932701658	-3.446557651165	0.000567777407434512	0.0101868250355121
Tpr_TRINITY_DN13022_c1_g2|Tdu_TRINITY_DN17838_c6_g1	133.98443518754	-0.804099847845411	0.229492980099095	-3.50381021457911	0.000458652103704035	0.00869674950484959
Tpr_TRINITY_DN10550_c0_g7|Tdu_TRINITY_DN21221_c3_g1	34.2337805612797	-1.58479625937428	0.538532795827859	-2.94280361688661	0.003252546727392	0.034656241274109
Tpr_TRINITY_DN10674_c4_g8|Tdu_TRINITY_DN13270_c0_g1	25.5863034333861	-1.51721276372015	0.453347593837921	-3.34668758441141	0.000817833247974123	0.013176202328472
Tpr_TRINITY_DN10820_c1_g4|Tdu_TRINITY_DN21045_c3_g1	168.839776994473	-0.787919700612731	0.218129922338959	-3.61215780102079	0.000303659679817648	0.00653730227729697
Tpr_TRINITY_DN13614_c0_g5|Tdu_TRINITY_DN21631_c6_g1	132.166615125748	-1.12453813988953	0.253433185268746	-4.4372174018846	9.11292437683104e-06	0.000423836954507331
Tpr_TRINITY_DN15205_c2_g6|Tdu_TRINITY_DN19071_c3_g1	205.403236284608	-1.86676780820053	0.261332636248824	-7.14326321808162	9.11408575169756e-13	4.08476752326082e-10
Tpr_TRINITY_DN11384_c4_g4|Tdu_TRINITY_DN19529_c1_g4	41.1902996923631	-1.52584001144685	0.42264877329942	-3.61018440804957	0.000305979389146668	0.00657289058166916
Tpr_TRINITY_DN13165_c2_g2|Tdu_TRINITY_DN2119_c0_g1	10.6239358557065	-2.20741361935758	0.581637451143431	-3.79517105547117	0.000147541696457585	0.00379833192446941
Tpr_TRINITY_DN13205_c0_g6|Tdu_TRINITY_DN17177_c10_g1	19.9350188119147	-2.08163258687479	0.505435041541086	-4.11849677166789	3.81351911360396e-05	0.00132866779011078
Tpr_TRINITY_DN11486_c3_g3|Tdu_TRINITY_DN21680_c4_g2	156.398360761419	-0.742135896368939	0.260893025580106	-2.84459845072045	0.00444674416039039	0.0430569857511205
Tpr_TRINITY_DN13672_c4_g2|Tdu_TRINITY_DN25553_c4_g7	15.8188640537982	-2.18201103704738	0.499367643051123	-4.36954830255991	1.24503799479884e-05	0.000550496620121819
Tpr_TRINITY_DN11700_c2_g3|Tdu_TRINITY_DN18621_c0_g2	752.566760997471	-2.13987602819251	0.31590868260031	-6.77371704563087	1.25515041207791e-11	4.75991656272623e-09
Tpr_TRINITY_DN11610_c1_g2|Tdu_TRINITY_DN12438_c0_g1	70.5737981357764	-1.61717772692468	0.48507734807576	-3.33385538067241	0.000856511781437371	0.0136653821439684
Tpr_TRINITY_DN11272_c5_g2|Tdu_TRINITY_DN18384_c5_g2	22.6794434620309	-1.26511199196005	0.450761019004155	-2.80661356821627	0.0050065261046733	0.046592958303721
Tpr_TRINITY_DN10839_c3_g6|Tdu_TRINITY_DN21831_c0_g1	218.146013167448	-0.946686522757062	0.288219587518004	-3.2846016154191	0.00102126663586495	0.0154918292763514
Tpr_TRINITY_DN10821_c9_g1|Tdu_TRINITY_DN15785_c0_g1	13.6262063107868	-1.62588953324039	0.550013490718846	-2.95609027901374	0.00311565879312145	0.0336846444080894
Tpr_TRINITY_DN7697_c0_g1|Tdu_TRINITY_DN24933_c2_g3	81.727138893581	-0.871826804189643	0.300218562379141	-2.90397368264201	0.00368459130574199	0.0380021655592218
Tpr_TRINITY_DN14866_c3_g1|Tdu_TRINITY_DN17133_c2_g3	88.3752223079271	-0.883937599536305	0.281910804466006	-3.13552224864406	0.00171548415420798	0.0224630461626703
Tpr_TRINITY_DN13438_c1_g1|Tdu_TRINITY_DN18960_c1_g1	207.504918384737	-0.875321355794928	0.21581651551426	-4.05585899535613	4.99503877841985e-05	0.00163624858322989
Tpr_TRINITY_DN14295_c0_g4|Tdu_TRINITY_DN20219_c2_g6	50.6628774011486	-1.27736906187011	0.39150803034455	-3.26268930102391	0.00110360439460339	0.016314151920224
Tpr_TRINITY_DN14977_c2_g1|Tdu_TRINITY_DN18580_c5_g2	202.602566713094	-0.685501766866511	0.233311180906375	-2.93814365948281	0.00330183984867683	0.0350066031268317
Tpr_TRINITY_DN11148_c0_g1|Tdu_TRINITY_DN21561_c0_g3	9.45656337069754	-1.68148846099838	0.591165807353084	-2.8443601441145	0.00445007170784421	0.0430569857511205
Tpr_TRINITY_DN11701_c5_g2|Tdu_TRINITY_DN18513_c0_g6	42.2255145342541	-1.59641370467922	0.378579415113017	-4.21685290047437	2.47735462079227e-05	0.000961681754370541
Tpr_TRINITY_DN15826_c1_g1|Tdu_TRINITY_DN25537_c0_g1	26.8461070552931	-1.398083319058	0.489766246083464	-2.85459304359603	0.00430920071487076	0.0422773323866923
Tpr_TRINITY_DN8737_c0_g2|Tdu_TRINITY_DN17431_c1_g4	30.8168305253442	-1.56929764530928	0.555523789303201	-2.82489728707687	0.00472957745770522	0.0449697528765415
Tpr_TRINITY_DN13193_c0_g1|Tdu_TRINITY_DN21573_c0_g1	15.8325397755241	-1.75361850100929	0.510114289340366	-3.43769727226601	0.000586683197145333	0.0104041300788723
Tpr_TRINITY_DN11335_c4_g3|Tdu_TRINITY_DN20463_c3_g5	319.30092589438	-0.597006400482993	0.190563814461498	-3.13284241381312	0.00173122363547595	0.0225684258465419
Tpr_TRINITY_DN13219_c3_g9|Tdu_TRINITY_DN16719_c0_g1	52.3918002074478	-1.27556735666351	0.398214597380626	-3.20321596710399	0.00135902023698964	0.0188743746695384
Tpr_TRINITY_DN12317_c2_g1|Tdu_TRINITY_DN24272_c0_g1	39.1806959094079	-1.69406148120698	0.422266799368193	-4.01182731804082	6.02505661596316e-05	0.00189194452972601
Tpr_TRINITY_DN14771_c6_g1|Tdu_TRINITY_DN19947_c3_g1	106.702040877437	-1.46529764680471	0.288070111532004	-5.08660075497602	3.64538097334469e-07	3.07209029035715e-05
Tpr_TRINITY_DN10414_c0_g2|Tdu_TRINITY_DN24647_c2_g1	115.423313920477	-0.933410577175938	0.256129274458721	-3.64429477711409	0.00026812597908424	0.00604970744569932
Tpr_TRINITY_DN14111_c3_g3|Tdu_TRINITY_DN19487_c0_g2	273.450907196546	-1.16049581905274	0.238902699158582	-4.8576086546532	1.18811941916075e-06	8.25173924576824e-05
Tpr_TRINITY_DN13490_c2_g1|Tdu_TRINITY_DN17672_c5_g3	252.225579807927	-0.614107222391905	0.204628262994662	-3.00108701214908	0.00269017681191196	0.0307301175314935
Tpr_TRINITY_DN12144_c1_g1|Tdu_TRINITY_DN24794_c1_g1	33.2535628883534	-1.55421639212591	0.421217981648788	-3.68981491730762	0.000224417265296216	0.00529367042062365
Tpr_TRINITY_DN9385_c0_g2|Tdu_TRINITY_DN16378_c0_g1	9.10428425820808	-1.71416070276764	0.589694481375996	-2.90686237857917	0.00365073772708406	0.0378389304720169
Tpr_TRINITY_DN14041_c7_g5|Tdu_TRINITY_DN16501_c0_g1	84.9516553831346	-2.00823785701772	0.462345045718009	-4.3435911677154	1.40172267708513e-05	0.000608940191175133
Tpr_TRINITY_DN15815_c2_g1|Tdu_TRINITY_DN17973_c0_g3	42.9135952537089	-1.13427025390519	0.360608691912	-3.14543237405378	0.00165841531045607	0.0218901940576932
Tpr_TRINITY_DN11526_c3_g5|Tdu_TRINITY_DN39356_c0_g1	24.7401817058241	-1.86559518942319	0.521640868606459	-3.57639767452854	0.000348361585405737	0.00720093340063011
Tpr_TRINITY_DN10614_c6_g3|Tdu_TRINITY_DN3639_c0_g1	176.719900135479	-1.29334502149486	0.337153666173591	-3.83606987334064	0.000125018852709046	0.00334968991225869
Tpr_TRINITY_DN10563_c7_g3|Tdu_TRINITY_DN17447_c4_g1	531.053187029245	-1.20408952468263	0.215841050299611	-5.57859370592953	2.42470845274419e-08	3.10488640831919e-06
Tpr_TRINITY_DN10473_c5_g1|Tdu_TRINITY_DN17133_c2_g1	126.647072409495	-0.791591089422996	0.249359701738255	-3.17449485183418	0.00150097553391604	0.0203639219383899
Tpr_TRINITY_DN9807_c0_g1|Tdu_TRINITY_DN14910_c0_g1	18.0392495808092	-1.82224612005517	0.553185446214128	-3.29409627915231	0.000987386716457796	0.0151068020132643
Tpr_TRINITY_DN12808_c3_g2|Tdu_TRINITY_DN15897_c0_g1	104.579477078354	-0.867348129814478	0.291154098257242	-2.97900024422172	0.00289190547791101	0.0321822263003387
Tpr_TRINITY_DN16008_c1_g3|Tdu_TRINITY_DN23464_c3_g1	87.2853074329372	-1.23006451704786	0.369735644239165	-3.32687566431164	0.000878255511290696	0.0139221854362159
Tpr_TRINITY_DN13333_c0_g1|Tdu_TRINITY_DN15462_c0_g1	163.224019200006	-1.60317016329724	0.342808678685241	-4.6765740279558	2.91707324787834e-06	0.000169190248376944
Tpr_TRINITY_DN13745_c2_g11|Tdu_TRINITY_DN25351_c0_g1	112.911485267384	-1.45253971390698	0.344976036812595	-4.2105524990307	2.54746914437396e-05	0.000985021402491264
Tpr_TRINITY_DN9428_c0_g1|Tdu_TRINITY_DN30406_c0_g1	43.0900221676379	-3.43884763997169	0.587897770609603	-5.84939731342386	4.93357345431807e-09	8.68661326063861e-07
Tpr_TRINITY_DN10985_c0_g2|Tdu_TRINITY_DN27688_c0_g1	46.9383290403256	-2.26989441653539	0.388892515926539	-5.83681691875029	5.32075057472448e-09	9.04527597703162e-07
Tpr_TRINITY_DN13559_c0_g3|Tdu_TRINITY_DN14654_c0_g2	492.965864678246	-1.3368178185488	0.334876901292233	-3.99196783471851	6.55272624243929e-05	0.00202538811129942
Tpr_TRINITY_DN10423_c3_g8|Tdu_TRINITY_DN19502_c1_g6	193.149649761403	-0.742037336451609	0.229594908552166	-3.2319416015404	0.00122952180780853	0.0176979343430541
Tpr_TRINITY_DN11789_c3_g2|Tdu_TRINITY_DN19172_c2_g4	145.446080677652	-1.09956587091056	0.320836659448222	-3.42718276895665	0.000609878433191668	0.0107190754924596
Tpr_TRINITY_DN15569_c0_g1|Tdu_TRINITY_DN17599_c0_g1	599.338451802247	-1.0698342719428	0.373480337836702	-2.86449958286845	0.00417668704794311	0.0414183893224592
Tpr_TRINITY_DN12979_c6_g4|Tdu_TRINITY_DN17768_c0_g4	243.975607254955	-0.606266622288682	0.199584392499448	-3.03764545261402	0.00238434304227657	0.0280210040486853
Tpr_TRINITY_DN15253_c2_g3|Tdu_TRINITY_DN16838_c2_g6	30.9489175481216	-1.66365625144511	0.515719325843143	-3.22589472233801	0.00125579540020426	0.0179660636586241
Tpr_TRINITY_DN10856_c5_g9|Tdu_TRINITY_DN17435_c1_g1	50.9963187137764	-2.59944194843021	0.510337080961012	-5.09357843160294	3.51367594401879e-07	3.01259520069785e-05
Tpr_TRINITY_DN12160_c1_g3|Tdu_TRINITY_DN16869_c3_g1	187.653263095526	-0.62401325403618	0.207239285340747	-3.01107607570719	0.00260323621735619	0.0300209463194527
Tpr_TRINITY_DN12978_c4_g5|Tdu_TRINITY_DN22652_c1_g3	57.1296893933936	-1.02764891048346	0.348299048208327	-2.950478664153	0.00317281957348089	0.0341155954138731
Tpr_TRINITY_DN10835_c3_g2|Tdu_TRINITY_DN19567_c0_g4	121.331117879775	-0.865471758279122	0.234684461677012	-3.68781022865604	0.000226192239164696	0.00531013209086643
Tpr_TRINITY_DN10657_c3_g2|Tdu_TRINITY_DN22324_c4_g6	262.197805889492	-0.774983469373194	0.184663807859009	-4.1967263556316	2.70800798675812e-05	0.00103257802166896
Tpr_TRINITY_DN10983_c1_g1|Tdu_TRINITY_DN21460_c4_g2	28.140800608367	-1.52837152136137	0.448254886253577	-3.40960370590756	0.000650573380379365	0.0112144292491968
Tpr_TRINITY_DN12962_c3_g1|Tdu_TRINITY_DN18080_c7_g4	253.834457077296	-1.64188558093125	0.475832776422312	-3.45055166917305	0.000559442067594851	0.0101027450301927
Tpr_TRINITY_DN14687_c7_g1|Tdu_TRINITY_DN19264_c4_g2	83.9804453816703	-0.830605434517495	0.275161241648353	-3.01861348473991	0.00253934275510163	0.029421762121389
Tpr_TRINITY_DN14132_c4_g2|Tdu_TRINITY_DN17886_c4_g1	178.733499519303	-1.49148378393383	0.279591801437055	-5.33450471819223	9.58056969413875e-08	1.00494060834264e-05
Tpr_TRINITY_DN13966_c1_g1|Tdu_TRINITY_DN21585_c2_g2	148.771829800061	-1.95452174142051	0.370117377052625	-5.28081593192153	1.28609847869087e-07	1.24322852940118e-05
Tpr_TRINITY_DN12832_c2_g1|Tdu_TRINITY_DN22196_c3_g1	262.705410922562	-1.27503389310526	0.277307664964683	-4.59790353529408	4.26763493644992e-06	0.000228101157765039
Tpr_TRINITY_DN10781_c0_g2|Tdu_TRINITY_DN22899_c6_g2	153.96262954361	-1.40149636210153	0.312023766954985	-4.49163336427422	7.06790202681412e-06	0.000333442650643001
Tpr_TRINITY_DN16021_c4_g4|Tdu_TRINITY_DN24331_c2_g1	91.2113678896626	-1.2310939939151	0.329477308658789	-3.73650616161258	0.000186594878767108	0.00456232412644911
Tpr_TRINITY_DN8391_c0_g2|Tdu_TRINITY_DN24864_c2_g1	5.7355433729855	-1.88375464027243	0.609642824055823	-3.08993162215904	0.00200202580127877	0.0248614287161318
Tpr_TRINITY_DN15423_c1_g2|Tdu_TRINITY_DN17634_c2_g1	71.3640196606254	-1.24662074603059	0.297064282207502	-4.19646797240949	2.71109779441163e-05	0.00103257802166896
Tpr_TRINITY_DN10247_c4_g10|Tdu_TRINITY_DN5307_c0_g1	156.991818380995	-0.70624392122475	0.236352626399915	-2.98809423860501	0.00280722980711735	0.0316486735570183
Tpr_TRINITY_DN12777_c1_g1|Tdu_TRINITY_DN23042_c3_g1	138.432159730173	-1.70150638393578	0.451907954869459	-3.76516139094584	0.00016644154067702	0.00419722146055093
Tpr_TRINITY_DN10164_c6_g9|Tdu_TRINITY_DN15973_c0_g1	47.4568534746524	-1.16770808826723	0.362121922467878	-3.22462688894734	0.00126136944171286	0.0179726917561977
Tpr_TRINITY_DN10959_c3_g2|Tdu_TRINITY_DN21416_c4_g1	510.656197230336	-0.713715536295245	0.209368212566989	-3.4089011294725	0.000652251144525648	0.0112237282461133
Tpr_TRINITY_DN14758_c5_g2|Tdu_TRINITY_DN15121_c0_g1	35.5510279159345	-1.44245070730282	0.407336710231384	-3.54117532515901	0.000398348783441051	0.00784955919188291
Tpr_TRINITY_DN11432_c3_g9|Tdu_TRINITY_DN14377_c0_g1	56.954341438817	-0.973765189239788	0.321313059691019	-3.03058079922485	0.00244083869628335	0.0285488369458527
Tpr_TRINITY_DN13159_c0_g2|Tdu_TRINITY_DN18363_c1_g1	2427.41473939553	-1.18023112207389	0.21413030102756	-5.51174269316508	3.55298080289614e-08	4.2722427703117e-06
Tpr_TRINITY_DN3847_c0_g1|Tdu_TRINITY_DN17325_c0_g2	10.352750479994	-1.54388101582963	0.542611113991359	-2.84528085772717	0.00443722797350996	0.0430197323685429
Tpr_TRINITY_DN13551_c4_g2|Tdu_TRINITY_DN24419_c0_g1	32.1314417331809	-1.8804187213104	0.43965591850349	-4.2770235590391	1.89408764530915e-05	0.00078141021685139
Tpr_TRINITY_DN14568_c1_g2|Tdu_TRINITY_DN19654_c1_g1	73.1319866947572	-1.32594805048129	0.336971879806889	-3.93489228608976	8.3234016615251e-05	0.00241378648184228
Tpr_TRINITY_DN11955_c4_g2|Tdu_TRINITY_DN12686_c0_g1	74.782071547732	-0.989201557938238	0.278170466207033	-3.55609842923443	0.000376403104256976	0.00760519386879874
Tpr_TRINITY_DN11129_c1_g1|Tdu_TRINITY_DN24939_c2_g6	419.641833596007	-0.521268111389518	0.177463234681097	-2.93733015926505	0.00331051450733884	0.0350232543372971
Tpr_TRINITY_DN10664_c2_g1|Tdu_TRINITY_DN17543_c3_g2	53.0466084652058	-1.16838053492172	0.338199448678031	-3.45470857356136	0.000550887930202209	0.0100032320290862
Tpr_TRINITY_DN13112_c3_g4|Tdu_TRINITY_DN23300_c4_g3	42.2160945775531	-1.31436325777516	0.411353666601555	-3.19521464007825	0.00139726882663932	0.0192148823300749
Tpr_TRINITY_DN13078_c1_g3|Tdu_TRINITY_DN18192_c1_g5	1999.81450696259	-1.44380691986552	0.249446155659276	-5.78805039528311	7.12080500537523e-09	1.14760046864965e-06
Tpr_TRINITY_DN14753_c2_g1|Tdu_TRINITY_DN19155_c2_g2	4.55220023482552	-1.82905680699259	0.618855074418654	-2.95554950197474	0.00312112606743812	0.033692162862299
Tpr_TRINITY_DN11549_c1_g1|Tdu_TRINITY_DN22826_c4_g1	74.1691939165455	-1.16776638739252	0.285645466583795	-4.08816706023218	4.3479500108325e-05	0.00146817764064413
Tpr_TRINITY_DN12655_c4_g1|Tdu_TRINITY_DN23417_c1_g2	57.8173831271927	-1.23356041677504	0.344273081188586	-3.5830870439136	0.000339557394191597	0.00706336689183364
Tpr_TRINITY_DN10923_c1_g4|Tdu_TRINITY_DN16879_c0_g3	21.037699104286	-1.81017711957628	0.499093038409768	-3.62693321738958	0.000286807434591248	0.00637739469661025
Tpr_TRINITY_DN10734_c0_g8|Tdu_TRINITY_DN8874_c0_g1	10.7590485906573	-2.26676431734004	0.57158559824273	-3.96574778005066	7.31662002280777e-05	0.00217951279229259
Tpr_TRINITY_DN11363_c1_g2|Tdu_TRINITY_DN24963_c1_g2	534.898208979774	-0.645700861618325	0.167691013936513	-3.85053943237999	0.000117857951827799	0.0031925258379728
Tpr_TRINITY_DN8877_c0_g1|Tdu_TRINITY_DN14877_c0_g1	22.0690642007619	-1.61890968305757	0.477815117842486	-3.38815081943734	0.000703655606461101	0.0118802128077165
Tpr_TRINITY_DN13112_c3_g1|Tdu_TRINITY_DN25069_c2_g4	286.350095459945	-1.47286372331379	0.287802740966644	-5.11761534433924	3.09422836442511e-07	2.69991961710014e-05
Tpr_TRINITY_DN6901_c0_g1|Tdu_TRINITY_DN15841_c0_g1	24.2224902466553	-1.74499026125003	0.506403256225261	-3.44585118637905	0.000569263751984502	0.0101868250355121
Tpr_TRINITY_DN15394_c3_g2|Tdu_TRINITY_DN15869_c0_g1	1120.38110957939	-0.972944744460618	0.177555760339318	-5.47965744733525	4.26150081466621e-08	4.9433409450128e-06
Tpr_TRINITY_DN12957_c1_g1|Tdu_TRINITY_DN22162_c1_g1	77.6309492701947	-0.991206146169034	0.335727299755814	-2.95241449500822	0.003152993789909	0.0339394309699812
Tpr_TRINITY_DN12279_c0_g3|Tdu_TRINITY_DN22537_c2_g3	184.364107006388	-0.963113874308136	0.310215009281953	-3.10466562058822	0.00190494244808684	0.0239788688075046
Tpr_TRINITY_DN10237_c5_g1|Tdu_TRINITY_DN17567_c6_g6	270.535551854831	-1.78322077934591	0.235539654771668	-7.57078794683027	3.70967177860525e-14	2.03207576316932e-11
Tpr_TRINITY_DN11765_c0_g2|Tdu_TRINITY_DN17247_c2_g4	172.08156771751	-1.08556441866218	0.272699529925966	-3.98080781054847	6.86814639707819e-05	0.00207094567202419
Tpr_TRINITY_DN13451_c0_g1|Tdu_TRINITY_DN22188_c3_g5	84.3092890944878	-1.63692857386199	0.471711752181911	-3.4701882373936	0.000520093731900072	0.00954957950937562
Tpr_TRINITY_DN15856_c2_g3|Tdu_TRINITY_DN8556_c0_g1	73.0319755960635	-1.3857368339276	0.307960271040758	-4.4997259849281	6.80411122408128e-06	0.000324099210963485
Tpr_TRINITY_DN13349_c4_g7|Tdu_TRINITY_DN4134_c0_g1	39.9274222968808	-1.34007330728725	0.375110639673888	-3.57247479957454	0.000353623521631618	0.00724929153544959
Tpr_TRINITY_DN12999_c3_g3|Tdu_TRINITY_DN19855_c3_g2	236.995598499158	-0.73795099202343	0.254434557102437	-2.90035677711155	0.00372738134277635	0.0382953397303146
Tpr_TRINITY_DN7908_c0_g1|Tdu_TRINITY_DN12618_c0_g1	108.571900402963	-0.991884548062146	0.266489264992799	-3.72204316781372	0.00019761722727254	0.00478748368773278
Tpr_TRINITY_DN419_c0_g1|Tdu_TRINITY_DN1748_c0_g1	103.320857676085	-1.80302262810176	0.326155434766972	-5.5281084903275	3.23701860047591e-08	3.98962542508656e-06
Tpr_TRINITY_DN13219_c1_g3|Tdu_TRINITY_DN51324_c0_g1	61.9704404446625	-1.49285662887606	0.375002211107361	-3.98092753764767	6.86468753345509e-05	0.00207094567202419
Tpr_TRINITY_DN14830_c4_g11|Tdu_TRINITY_DN25184_c1_g3	66.3805121741686	-1.19050481752044	0.319971512213909	-3.72065878391249	0.000198703762142004	0.00479026673525712
Tpr_TRINITY_DN15477_c5_g2|Tdu_TRINITY_DN17575_c7_g4	63.6802631167314	-1.18204901824517	0.321550826442166	-3.67608763853628	0.000236838189898644	0.00549464600564854
Tpr_TRINITY_DN15913_c3_g2|Tdu_TRINITY_DN21028_c3_g6	61.5747950820448	-1.13347025861261	0.365083368018021	-3.10468884070517	0.00190479292174367	0.0239788688075046
Tpr_TRINITY_DN12454_c4_g7|Tdu_TRINITY_DN19132_c1_g2	131.028745838524	-1.01209611157578	0.27288591528012	-3.70886167040483	0.000208193122962394	0.00494646793351615
Tpr_TRINITY_DN12764_c3_g2|Tdu_TRINITY_DN17508_c3_g3	10.8484682658188	-1.54464862822059	0.553968747099405	-2.78833171782417	0.00529802644458623	0.0482796125172091
Tpr_TRINITY_DN12862_c1_g2|Tdu_TRINITY_DN22410_c0_g1	359.656758871251	-1.38222208805066	0.34563350793849	-3.99909747262307	6.35844910924589e-05	0.00198399709547989
Tpr_TRINITY_DN12405_c4_g2|Tdu_TRINITY_DN15697_c0_g1	345.466738894518	-0.698151844099441	0.242011241843269	-2.88479096583281	0.00391673631661686	0.0393669929478514
Tpr_TRINITY_DN14772_c3_g1|Tdu_TRINITY_DN22763_c2_g1	3.51140114577837	-1.85486936358978	0.625560308800408	-2.96513275777795	0.00302552335234271	0.0328542513811665
Tpr_TRINITY_DN12905_c3_g3|Tdu_TRINITY_DN19803_c1_g2	100.925382558647	-1.66336268960512	0.358813396145786	-4.63573185246767	3.55676801993553e-06	0.000194831848203135
Tpr_TRINITY_DN15563_c2_g1|Tdu_TRINITY_DN16966_c6_g6	425.627476023532	-0.812941081892924	0.264565019331991	-3.07274591306722	0.00212098996833547	0.0257797200012841
Tpr_TRINITY_DN10137_c2_g2|Tdu_TRINITY_DN4820_c0_g1	603.176988544775	-1.49957777352852	0.328718230370707	-4.56189415426517	5.06942027393134e-06	0.000260335853650849
Tpr_TRINITY_DN11364_c3_g3|Tdu_TRINITY_DN21852_c11_g1	457.229244217896	-0.695827852963192	0.18427762798841	-3.77597574137949	0.000159382503455	0.0040398752803761
Tpr_TRINITY_DN10262_c2_g2|Tdu_TRINITY_DN18750_c1_g4	60.8863732252453	-1.44486284876539	0.359503977964156	-4.0190455108384	5.84343840134515e-05	0.00184667636657895
Tpr_TRINITY_DN12111_c1_g9|Tdu_TRINITY_DN18692_c1_g1	180.668447809536	-1.04441706150489	0.228221730463013	-4.57632609912293	4.73212721512957e-06	0.000246480049769158
Tpr_TRINITY_DN13936_c2_g4|Tdu_TRINITY_DN24503_c1_g1	16.7742115456522	-1.73653506750519	0.539077560980707	-3.22130838528324	0.00127606759731429	0.0181036352654948
Tpr_TRINITY_DN11622_c2_g1|Tdu_TRINITY_DN16617_c0_g1	1253.25650350014	-0.635377116890192	0.225542114313691	-2.81711075921941	0.00484578115907272	0.045853553002358
Tpr_TRINITY_DN24936_c0_g1|Tdu_TRINITY_DN43447_c0_g1	33.2894314531398	-1.22045401721591	0.415861503641515	-2.93476074733759	0.00333804960918047	0.0351636422505549
Tpr_TRINITY_DN11629_c6_g4|Tdu_TRINITY_DN20996_c2_g1	36.5825647525193	-1.0730661963089	0.377557790892252	-2.84212436398945	0.00448140065065064	0.0432777770963911
Tpr_TRINITY_DN10731_c8_g3|Tdu_TRINITY_DN20534_c3_g2	182.06135202079	-1.17396805714193	0.260230285037086	-4.51126607717709	6.44418239844319e-06	0.000309917339133943
Tpr_TRINITY_DN11549_c2_g3|Tdu_TRINITY_DN17891_c4_g1	7.6755714833149	-1.99356253455159	0.61025128853636	-3.2667895537476	0.00108774507144124	0.0161523590427871
Tpr_TRINITY_DN10604_c4_g1|Tdu_TRINITY_DN17453_c7_g1	288.736832831535	-1.23670430140159	0.208843622528184	-5.92167616339202	3.18676686248554e-09	6.41255536002191e-07
Tpr_TRINITY_DN13934_c0_g1|Tdu_TRINITY_DN13442_c0_g2	7.33402637163089	-1.77455883877159	0.609618350305681	-2.910934091603	0.00360350021091467	0.0374005390311776
Tpr_TRINITY_DN12364_c2_g2|Tdu_TRINITY_DN20131_c0_g1	113.578050219089	-1.57761909970292	0.446192731521977	-3.53573464615082	0.000406642931090089	0.00798705039949857
Tpr_TRINITY_DN11383_c6_g2|Tdu_TRINITY_DN23692_c1_g2	25.6926121825846	-1.35824255888857	0.454978823139399	-2.98528742396527	0.00283311977946267	0.03181612873064
Tpr_TRINITY_DN14917_c2_g9|Tdu_TRINITY_DN17373_c2_g2	119.984102181982	-1.25514050662164	0.250736328719153	-5.00581831533278	5.5625205877558e-07	4.35289309486288e-05
Tpr_TRINITY_DN9995_c0_g1|Tdu_TRINITY_DN23415_c2_g1	119.726942042821	-1.51070177333196	0.364707383772699	-4.1422297451304	3.43945544312915e-05	0.0012513670716333
Tpr_TRINITY_DN11907_c2_g2|Tdu_TRINITY_DN21282_c1_g3	26.3149970929193	-1.83379612163948	0.497611765421822	-3.68519446095689	0.000228528088056728	0.00534493835122042
Tpr_TRINITY_DN14494_c6_g3|Tdu_TRINITY_DN19263_c5_g1	93.2129713956711	-1.22526616670612	0.364664272631116	-3.35998412420721	0.000779469515216931	0.0127455545937628
Tpr_TRINITY_DN11161_c4_g3|Tdu_TRINITY_DN19719_c0_g1	107.803309449099	-0.763557159972499	0.248360693940547	-3.07438809200332	0.00210934840435923	0.025708498475874
Tpr_TRINITY_DN12272_c0_g5|Tdu_TRINITY_DN23639_c3_g1	115.579285198878	-1.46984651658724	0.393187522767301	-3.7382837233549	0.000185280784348721	0.00454444908875221
Tpr_TRINITY_DN10681_c1_g1|Tdu_TRINITY_DN24669_c0_g4	50.8749951619005	-1.20355523772137	0.352628575921024	-3.41309615812567	0.000642292748463449	0.0111496593307211
Tpr_TRINITY_DN13855_c2_g3|Tdu_TRINITY_DN13654_c0_g1	87.0057996129119	-0.890953989743458	0.289592035794366	-3.07658319159063	0.00209387864554854	0.0255515389172136
Tpr_TRINITY_DN11434_c2_g7|Tdu_TRINITY_DN16638_c0_g2	50.4787766333201	-1.61646171302773	0.447028297858356	-3.61601652685513	0.000299171283683905	0.00650227126078982
Tpr_TRINITY_DN12262_c3_g10|Tdu_TRINITY_DN19770_c8_g1	49.4044176812694	-1.47668765197601	0.515447257800831	-2.86486663694038	0.00417184899091396	0.0414183893224592
Tpr_TRINITY_DN11928_c4_g5|Tdu_TRINITY_DN16184_c0_g2	133.902408180813	-0.7308128439853	0.258361199135286	-2.82864782494922	0.00467451072651271	0.0445320538776959
Tpr_TRINITY_DN10383_c1_g1|Tdu_TRINITY_DN18103_c1_g3	165.409844162868	-0.989342531351201	0.239771271824859	-4.12619294972863	3.68817863559682e-05	0.00129876576239231
Tpr_TRINITY_DN13622_c0_g1|Tdu_TRINITY_DN18064_c2_g3	120.198006500771	-2.21837328317849	0.475229284722798	-4.66800627506041	3.04136613559424e-06	0.000173340289577799
Tpr_TRINITY_DN11120_c1_g9|Tdu_TRINITY_DN23622_c2_g1	29.8012157706974	-1.34207029321202	0.457470554393544	-2.93367579688526	0.00334973898272747	0.0352452827303168
Tpr_TRINITY_DN11791_c1_g3|Tdu_TRINITY_DN21262_c0_g1	196.434425833366	-0.997815423413022	0.220741671828983	-4.52028570385237	6.17562304727047e-06	0.000301227331159612
Tpr_TRINITY_DN10927_c4_g2|Tdu_TRINITY_DN23560_c9_g3	994.511853048892	-0.782628165392373	0.251949401100451	-3.10629103293778	0.00189450157094808	0.0239177791159386
Tpr_TRINITY_DN10373_c1_g5|Tdu_TRINITY_DN21823_c8_g2	113.097527806803	-0.94665464019715	0.294242669178752	-3.21725819997255	0.00129422068203205	0.0182593563575098
Tpr_TRINITY_DN14991_c4_g1|Tdu_TRINITY_DN22442_c2_g6	174.881061728351	-1.18077126288717	0.389673056217218	-3.03015885765776	0.00244425140014133	0.0285548801011771
Tpr_TRINITY_DN14173_c1_g1|Tdu_TRINITY_DN19109_c5_g1	134.342112615238	-1.00690561884823	0.340248834751768	-2.9593212849144	0.00308317474755017	0.0333700362358339
Tpr_TRINITY_DN14060_c3_g2|Tdu_TRINITY_DN45169_c0_g1	7.72358446037305	-1.66714600760641	0.597899029371473	-2.78834038141684	0.00529788474850953	0.0482796125172091
Tpr_TRINITY_DN13525_c0_g2|Tdu_TRINITY_DN19860_c2_g7	178.783100985133	-0.762710826750472	0.237253230740628	-3.21475422850739	0.00130556249817894	0.0182593563575098
Tpr_TRINITY_DN12290_c2_g4|Tdu_TRINITY_DN24899_c0_g1	71.1247125418455	-1.20212327758102	0.399517701241391	-3.00893620944892	0.00262164154752801	0.0301626437090154
Tpr_TRINITY_DN11005_c5_g1|Tdu_TRINITY_DN20745_c2_g2	73.3943628032602	-0.9941602589879	0.311530834945383	-3.19120981768047	0.00141678350926231	0.0194052524458551
Tpr_TRINITY_DN15181_c0_g9|Tdu_TRINITY_DN20057_c3_g8	53.8330328264152	-2.99428871008702	0.550752230301982	-5.43672552800235	5.42686368356941e-08	6.08055408181754e-06
Tpr_TRINITY_DN12376_c2_g4|Tdu_TRINITY_DN16113_c0_g2	56.1328908098131	-2.01780110349983	0.585425874596771	-3.44672347270207	0.00056742905647031	0.0101868250355121
Tpr_TRINITY_DN14337_c1_g7|Tdu_TRINITY_DN13152_c0_g1	21.3081813549977	-1.49839903011817	0.458986529669144	-3.26458171048784	0.00109625838044288	0.0162298913380883
Tpr_TRINITY_DN11581_c0_g10|Tdu_TRINITY_DN18035_c3_g1	28.6711840423699	-1.62830430934498	0.429877598925736	-3.78783242814724	0.000151967283892643	0.00388185859891569
Tpr_TRINITY_DN11349_c3_g4|Tdu_TRINITY_DN25631_c2_g1	1648.22900429942	-1.17401268769575	0.328665468689025	-3.57205973715046	0.000354184591937912	0.00724929153544959
Tpr_TRINITY_DN12781_c3_g3|Tdu_TRINITY_DN16594_c9_g2	43.3039485809366	-1.53151423937377	0.546470240215343	-2.80255744351287	0.00506991867797226	0.047026715112706
Tpr_TRINITY_DN14162_c1_g12|Tdu_TRINITY_DN13492_c0_g1	310.591577765897	-0.864415352756436	0.275062062102307	-3.14261932797887	0.00167443447017985	0.0220132318346311
Tpr_TRINITY_DN11045_c1_g2|Tdu_TRINITY_DN18569_c7_g1	244.479225842391	-0.851774245362061	0.214199491829493	-3.9765465271976	6.99233230454162e-05	0.00210196330862135
Tpr_TRINITY_DN8173_c0_g1|Tdu_TRINITY_DN17883_c3_g3	14.4741548008136	-1.71108633525363	0.539045544824238	-3.17428898482326	0.00150204062148485	0.0203639219383899
Tpr_TRINITY_DN14522_c6_g1|Tdu_TRINITY_DN15418_c0_g2	328.53028788504	-1.23431865025292	0.395417064302003	-3.12156141372341	0.00179894721926173	0.0230958588306258
Tpr_TRINITY_DN15730_c2_g2|Tdu_TRINITY_DN22032_c0_g3	51.6481450167672	-1.20105098874029	0.362509647606414	-3.31315593025072	0.000922495332779957	0.0143971142794097
Tpr_TRINITY_DN11822_c0_g1|Tdu_TRINITY_DN15681_c0_g1	88.9568905826321	-1.32561094618687	0.368252168029707	-3.59973697718986	0.000318539221084995	0.00676895844805614
Tpr_TRINITY_DN14053_c1_g4|Tdu_TRINITY_DN18109_c4_g1	2472.32329319437	-0.967748127589224	0.334573127107509	-2.89248612390276	0.00382206064816484	0.0388510494751601
Tpr_TRINITY_DN14444_c1_g1|Tdu_TRINITY_DN22536_c1_g1	215.596385510572	-1.61712297687285	0.314422922562102	-5.14314593762945	2.70175582448823e-07	2.44397361738109e-05
Tpr_TRINITY_DN15377_c1_g1|Tdu_TRINITY_DN14708_c0_g1	370.599822257945	-1.06410888416062	0.215605873509229	-4.93543550943697	7.99721035559276e-07	5.97367379592005e-05
Tpr_TRINITY_DN11706_c2_g1|Tdu_TRINITY_DN19157_c4_g1	33.2055101121159	-1.20196218591446	0.400406712425955	-3.00185323725494	0.00268341511834058	0.0306942843002763
Tpr_TRINITY_DN12664_c1_g1|Tdu_TRINITY_DN19958_c1_g1	394.977784451624	-0.738766998182704	0.2107632002676	-3.50519918678741	0.000456265784039451	0.00868490469233396
Tpr_TRINITY_DN11402_c7_g5|Tdu_TRINITY_DN22219_c3_g1	20.160276253524	-1.6234838211566	0.532474439743519	-3.04894225897228	0.00229648615827517	0.0272155691353283
Tpr_TRINITY_DN11765_c4_g4|Tdu_TRINITY_DN20439_c4_g2	237.983916357799	-0.87269459828335	0.204338371876094	-4.27083073174593	1.94746180966608e-05	0.000790204668448872
Tpr_TRINITY_DN20691_c0_g1|Tdu_TRINITY_DN21316_c1_g5	9.32804268611343	-1.74676757508593	0.597095325134867	-2.92544172020001	0.00343967597352411	0.0360416632294875
Tpr_TRINITY_DN10254_c3_g4|Tdu_TRINITY_DN20510_c5_g3	206.288045751671	-1.39233264200985	0.391857840906472	-3.55315753996146	0.000380636439154636	0.00767500059317937
Tpr_TRINITY_DN12123_c2_g6|Tdu_TRINITY_DN21809_c1_g1	425.237683591077	-1.12003398489395	0.219993727254172	-5.09120873069218	3.55788093445478e-07	3.02419879428657e-05
Tpr_TRINITY_DN14125_c1_g1|Tdu_TRINITY_DN17911_c0_g1	47.7056923457854	-1.42202039965092	0.404233402011402	-3.51782013207014	0.000435107175617236	0.00844519045587786
Tpr_TRINITY_DN11892_c3_g4|Tdu_TRINITY_DN20048_c1_g1	54.3357410208329	-1.15473885832445	0.386924277635842	-2.98440528307001	0.00284130153560746	0.0318354922057836
Tpr_TRINITY_DN14344_c2_g4|Tdu_TRINITY_DN18749_c9_g4	29.4478270483522	-2.20800006652018	0.501594612638798	-4.40196128683338	1.07276701422962e-05	0.00048299008037918
Tpr_TRINITY_DN15590_c7_g1|Tdu_TRINITY_DN25519_c1_g2	35.8412292336533	-1.48425149593377	0.390875899204784	-3.79724485176345	0.000146313250647679	0.00378916354860619
Tpr_TRINITY_DN11087_c1_g2|Tdu_TRINITY_DN21063_c1_g2	191.073886186568	-1.01246492666145	0.32028238453902	-3.16116332191881	0.00157140362268626	0.0209946337665129
Tpr_TRINITY_DN10383_c1_g2|Tdu_TRINITY_DN16594_c8_g1	73.1677297744045	-2.37703770442267	0.403923629306544	-5.88486914841693	3.98369040560259e-09	7.41116743381916e-07
Tpr_TRINITY_DN15800_c6_g1|Tdu_TRINITY_DN24049_c3_g2	19.404757350883	-1.44943089946523	0.464935219441595	-3.1174900047496	0.00182398131578133	0.0233155138980414
Tpr_TRINITY_DN12489_c0_g1|Tdu_TRINITY_DN22258_c5_g2	303.880742523729	-3.04015621484163	0.305111613508369	-9.96407898042283	2.1889323673106e-23	4.31657462833649e-20
Tpr_TRINITY_DN12055_c0_g2|Tdu_TRINITY_DN17436_c4_g3	197.730284219182	-1.05507082655647	0.223680537642541	-4.71686467529222	2.39506878619242e-06	0.000146069702639972
Tpr_TRINITY_DN10528_c4_g6|Tdu_TRINITY_DN25135_c0_g6	11.280422225354	-1.57444778641618	0.545212576132103	-2.88776865270748	0.00387985121023714	0.0391301250169205
Tpr_TRINITY_DN15892_c1_g3|Tdu_TRINITY_DN19234_c1_g5	158.964091559379	-0.919123980585511	0.276104558308024	-3.32889824861251	0.000871902519203801	0.0138648872469467
Tpr_TRINITY_DN12074_c2_g7|Tdu_TRINITY_DN19273_c4_g2	113.846131843487	-0.714794210652408	0.252064785459032	-2.83575593215334	0.00457173687482293	0.0438495385075429
Tpr_TRINITY_DN12600_c2_g4|Tdu_TRINITY_DN25102_c4_g4	6.60848144904308	-2.11423362242973	0.604945605907265	-3.49491524822124	0.000474212309971406	0.0089191848634044
Tpr_TRINITY_DN12804_c2_g4|Tdu_TRINITY_DN18366_c0_g3	987.054571368754	-0.952593287087663	0.255634429227094	-3.72638885132887	0.00019424266821116	0.00471732194227102
Tpr_TRINITY_DN10996_c0_g1|Tdu_TRINITY_DN23069_c4_g1	25.0453867810657	-1.2113434936685	0.429349123101506	-2.82134847491494	0.0047822223451074	0.0453391464641913
Tpr_TRINITY_DN13510_c2_g2|Tdu_TRINITY_DN18204_c10_g6	14.9777615259845	-1.42291737493032	0.478409678585784	-2.97426544366028	0.00293690893587684	0.0324276843311821
Tpr_TRINITY_DN11050_c0_g5|Tdu_TRINITY_DN20167_c5_g2	1199.16199893704	-1.21102556266451	0.215826459047018	-5.61110796151592	2.01035288944072e-08	2.60816835393231e-06
Tpr_TRINITY_DN11390_c1_g6|Tdu_TRINITY_DN18121_c6_g1	680.627913830985	-1.58254804779091	0.184294016534806	-8.58708317039707	8.92050601170031e-18	6.76586071348962e-15
Tpr_TRINITY_DN11574_c6_g1|Tdu_TRINITY_DN19617_c13_g1	169.496800929567	-1.29191312076982	0.275004235013992	-4.69779354744879	2.62987057603381e-06	0.000156207975178876
Tpr_TRINITY_DN13841_c1_g1|Tdu_TRINITY_DN21917_c5_g3	52.2887583167555	-1.04260910436898	0.33876184433541	-3.07770524279201	0.00208601134857435	0.0254870779392108
Tpr_TRINITY_DN13509_c0_g1|Tdu_TRINITY_DN20057_c3_g7	1708.65629301931	-0.50633932901317	0.172920570536832	-2.92816133697246	0.0034097306358506	0.0357658979462627
Tpr_TRINITY_DN12602_c1_g5|Tdu_TRINITY_DN17022_c2_g2	291.388616994567	-1.2495803684026	0.264940751633681	-4.71645211503864	2.39992817724904e-06	0.000146069702639972
Tpr_TRINITY_DN11305_c3_g3|Tdu_TRINITY_DN19745_c1_g6	357.941002864089	-0.967403115467164	0.221984763849738	-4.35797078452647	1.31273901949555e-05	0.000575271410321161
